Linux 3.10.0-514.el7.x86_64 (localhost.localdomain) 	03/30/2020 	_x86_64_	(48 CPU)

10:20:58 PM     CPU     %user     %nice   %system   %iowait    %steal     %idle
10:20:59 PM       0      0.00      0.00      0.00      0.00      0.00    100.00
10:21:00 PM       0      0.00      0.00      0.00      0.00      0.00    100.00
10:21:01 PM       0      0.00      0.00      0.00      0.00      0.00    100.00
10:21:02 PM       0      0.00      0.00      0.00      0.00      0.00    100.00
10:21:03 PM       0      0.00      0.00      0.00      0.00      0.00    100.00
10:21:04 PM       0      0.00      0.00      0.00      0.00      0.00    100.00
10:21:05 PM       0      7.00      0.00     23.00      0.00      0.00     70.00
10:21:06 PM       0     25.53      0.00     48.94      0.00      0.00     25.53
10:21:07 PM       0     23.30      0.00     46.60      0.00      0.00     30.10
10:21:08 PM       0     20.79      0.00     47.52      0.00      0.00     31.68
10:21:09 PM       0     17.78      0.00     46.67      0.00      0.00     35.56
10:21:10 PM       0     20.62      0.00     46.39      0.00      0.00     32.99
10:21:11 PM       0     22.83      0.00     42.39      0.00      0.00     34.78
10:21:12 PM       0     23.47      0.00     44.90      0.00      0.00     31.63
10:21:13 PM       0     25.00      0.00     43.00      0.00      0.00     32.00
10:21:14 PM       0     21.78      0.00     46.53      0.00      0.00     31.68
10:21:15 PM       0     21.43      0.00     45.92      0.00      0.00     32.65
10:21:16 PM       0     21.43      0.00     45.92      0.00      0.00     32.65
10:21:17 PM       0     22.64      0.00     47.17      0.00      0.00     30.19
10:21:18 PM       0     20.45      0.00     44.32      0.00      0.00     35.23
10:21:19 PM       0     25.47      0.00     44.34      0.00      0.00     30.19
10:21:20 PM       0     21.43      0.00     45.92      0.00      0.00     32.65
10:21:21 PM       0     24.56      0.00     47.37      0.00      0.00     28.07
10:21:22 PM       0     22.77      0.00     46.53      0.00      0.00     30.69
10:21:23 PM       0     20.65      0.00     44.57      0.00      0.00     34.78
10:21:24 PM       0     22.55      0.00     46.08      0.00      0.00     31.37
10:21:25 PM       0     23.00      0.00     45.00      0.00      0.00     32.00
10:21:26 PM       0     22.43      0.00     48.60      0.00      0.00     28.97
10:21:27 PM       0     22.83      0.00     42.39      0.00      0.00     34.78
10:21:28 PM       0     19.57      0.00     47.83      0.00      0.00     32.61
10:21:29 PM       0     21.43      0.00     46.94      0.00      0.00     31.63
10:21:30 PM       0     25.96      0.00     44.23      0.00      0.00     29.81
10:21:31 PM       0     24.27      0.00     44.66      0.00      0.00     31.07
10:21:32 PM       0     22.34      0.00     43.62      0.00      0.00     34.04
10:21:33 PM       0     21.57      0.00     47.06      0.00      0.00     31.37
10:21:34 PM       0     21.05      0.00     45.26      0.00      0.00     33.68
10:21:35 PM       0     14.47      0.00     43.42      0.00      0.00     42.11
10:21:36 PM       0     20.88      0.00     43.96      0.00      0.00     35.16
10:21:37 PM       0     22.77      0.00     45.54      0.00      0.00     31.68
10:21:38 PM       0     23.71      0.00     43.30      0.00      0.00     32.99
10:21:39 PM       0     22.33      0.00     46.60      0.00      0.00     31.07
10:21:40 PM       0     19.79      0.00     46.88      0.00      0.00     33.33
10:21:41 PM       0     20.62      0.00     47.42      0.00      0.00     31.96
10:21:42 PM       0     24.24      0.00     43.43      0.00      0.00     32.32
10:21:43 PM       0     22.22      0.00     48.15      0.00      0.00     29.63
10:21:44 PM       0     26.55      0.00     45.13      0.00      0.00     28.32
10:21:45 PM       0     20.45      0.00     44.32      0.00      0.00     35.23
10:21:46 PM       0     20.69      0.00     42.53      0.00      0.00     36.78
10:21:47 PM       0     21.43      0.00     45.92      0.00      0.00     32.65
10:21:48 PM       0     22.45      0.00     44.90      0.00      0.00     32.65
10:21:49 PM       0     20.62      0.00     47.42      0.00      0.00     31.96
10:21:50 PM       0     21.57      0.00     47.06      0.00      0.00     31.37
10:21:51 PM       0     24.49      0.00     42.86      0.00      0.00     32.65
10:21:52 PM       0     23.08      0.00     46.15      0.00      0.00     30.77
10:21:53 PM       0     20.00      0.00     47.37      0.00      0.00     32.63
10:21:54 PM       0     20.62      0.00     46.39      0.00      0.00     32.99
10:21:55 PM       0     21.84      0.00     41.38      0.00      0.00     36.78
10:21:56 PM       0     23.64      0.00     48.18      0.00      0.00     28.18
10:21:57 PM       0     20.00      0.00     44.44      0.00      0.00     35.56
10:21:58 PM       0     19.32      0.00     45.45      0.00      0.00     35.23
10:21:59 PM       0     21.21      0.00     46.46      0.00      0.00     32.32
10:22:00 PM       0     21.50      0.00     48.60      0.00      0.00     29.91
10:22:01 PM       0     24.77      0.00     46.79      0.00      0.00     28.44
10:22:02 PM       0     23.23      0.00     44.44      0.00      0.00     32.32
10:22:03 PM       0     22.64      0.00     48.11      0.00      0.00     29.25
10:22:04 PM       0     18.89      0.00     45.56      0.00      0.00     35.56
10:22:05 PM       0     22.33      0.00     47.57      0.00      0.00     30.10
10:22:06 PM       0     21.88      0.00     44.79      0.00      0.00     33.33
10:22:07 PM       0     18.39      0.00     44.83      0.00      0.00     36.78
10:22:08 PM       0     19.77      0.00     44.19      0.00      0.00     36.05
10:22:09 PM       0     22.12      0.00     48.08      0.00      0.00     29.81
10:22:10 PM       0     20.65      0.00     44.57      0.00      0.00     34.78
10:22:11 PM       0     23.08      0.00     46.15      0.00      0.00     30.77
10:22:12 PM       0     17.58      0.00     48.35      0.00      0.00     34.07
10:22:13 PM       0     21.28      0.00     44.68      0.00      0.00     34.04
10:22:14 PM       0     23.76      0.00     45.54      0.00      0.00     30.69
10:22:15 PM       0     23.30      0.00     46.60      0.00      0.00     30.10
10:22:16 PM       0     19.59      0.00     47.42      0.00      0.00     32.99
10:22:17 PM       0     23.42      0.00     47.75      0.00      0.00     28.83
10:22:18 PM       0     22.92      0.00     44.79      0.00      0.00     32.29
10:22:19 PM       0     20.45      0.00     43.18      0.00      0.00     36.36
10:22:20 PM       0     20.43      0.00     46.24      0.00      0.00     33.33
10:22:21 PM       0     21.57      0.00     47.06      0.00      0.00     31.37
10:22:22 PM       0     24.55      0.00     46.36      0.00      0.00     29.09
10:22:23 PM       0     21.65      0.00     46.39      0.00      0.00     31.96
10:22:24 PM       0     26.61      0.00     44.04      0.00      0.00     29.36
10:22:25 PM       0     21.36      0.00     48.54      0.00      0.00     30.10
10:22:26 PM       0     22.11      0.00     44.21      0.00      0.00     33.68
10:22:27 PM       0     22.45      0.00     44.90      0.00      0.00     32.65
10:22:28 PM       0     23.23      0.00     44.44      0.00      0.00     32.32
10:22:29 PM       0     20.93      0.00     43.02      0.00      0.00     36.05
10:22:30 PM       0     25.23      0.00     44.86      0.00      0.00     29.91
10:22:31 PM       0     21.70      0.00     48.11      0.00      0.00     30.19
10:22:32 PM       0     20.21      0.00     46.81      0.00      0.00     32.98
10:22:33 PM       0     24.30      0.00     45.79      0.00      0.00     29.91
10:22:34 PM       0     23.08      0.00     42.86      0.00      0.00     34.07
10:22:35 PM       0     21.65      0.00     45.36      0.00      0.00     32.99
10:22:36 PM       0     20.79      0.00     47.52      0.00      0.00     31.68
10:22:37 PM       0     22.34      0.00     44.68      0.00      0.00     32.98
10:22:38 PM       0     22.92      0.00     43.75      0.00      0.00     33.33
10:22:39 PM       0     24.75      0.00     43.56      0.00      0.00     31.68
10:22:40 PM       0     21.90      0.00     48.57      0.00      0.00     29.52
10:22:41 PM       0     23.00      0.00     45.00      0.00      0.00     32.00
10:22:42 PM       0     21.05      0.00     45.26      0.00      0.00     33.68
10:22:43 PM       0     21.28      0.00     45.74      0.00      0.00     32.98
10:22:44 PM       0     21.57      0.00     47.06      0.00      0.00     31.37
10:22:45 PM       0     21.88      0.00     44.79      0.00      0.00     33.33
10:22:46 PM       0     27.68      0.00     44.64      0.00      0.00     27.68
10:22:47 PM       0     24.11      0.00     47.32      0.00      0.00     28.57
10:22:48 PM       0     23.36      0.00     47.66      0.00      0.00     28.97
10:22:49 PM       0     21.05      0.00     45.26      0.00      0.00     33.68
10:22:50 PM       0     19.57      0.00     45.65      0.00      0.00     34.78
10:22:51 PM       0     22.86      0.00     47.62      0.00      0.00     29.52
10:22:52 PM       0     22.86      0.00     46.67      0.00      0.00     30.48
10:22:53 PM       0     20.75      0.00     49.06      0.00      0.00     30.19
10:22:54 PM       0     21.57      0.00     47.06      0.00      0.00     31.37
10:22:55 PM       0     21.65      0.00     46.39      0.00      0.00     31.96
10:22:56 PM       0     23.33      0.00     41.11      0.00      0.00     35.56
10:22:57 PM       0     23.58      0.00     47.17      0.00      0.00     29.25
10:22:58 PM       0     24.77      0.00     45.87      0.00      0.00     29.36
10:22:59 PM       0     23.08      0.00     46.15      0.00      0.00     30.77
10:23:00 PM       0     21.88      0.00     44.79      0.00      0.00     33.33
10:23:01 PM       0     23.68      0.00     49.12      0.00      0.00     27.19
10:23:02 PM       0     19.59      0.00     47.42      0.00      0.00     32.99
10:23:03 PM       0     21.21      0.00     47.47      0.00      0.00     31.31
10:23:04 PM       0     18.68      0.00     46.15      0.00      0.00     35.16
10:23:05 PM       0     15.79      0.00     42.11      0.00      0.00     42.11
10:23:06 PM       0     19.78      0.00     45.05      0.00      0.00     35.16
10:23:07 PM       0     23.30      0.00     46.60      0.00      0.00     30.10
10:23:08 PM       0     21.35      0.00     42.70      0.00      0.00     35.96
10:23:09 PM       0     23.53      0.00     45.10      0.00      0.00     31.37
10:23:10 PM       0     21.98      0.00     43.96      0.00      0.00     34.07
10:23:11 PM       0     23.40      0.00     53.19      0.00      0.00     23.40
10:23:12 PM       0     17.53      0.00     50.52      0.00      0.00     31.96
10:23:13 PM       0     13.19      0.00     49.45      0.00      0.00     37.36
10:23:14 PM       0     15.38      0.00     50.96      0.00      0.00     33.65
10:23:15 PM       0     17.31      0.00     49.04      0.00      0.00     33.65
10:23:16 PM       0     16.67      0.00     47.92      0.00      0.00     35.42
10:23:17 PM       0     16.22      0.00     52.25      0.00      0.00     31.53
10:23:18 PM       0     14.71      0.00     50.98      0.00      0.00     34.31
10:23:19 PM       0     15.73      0.00     44.94      0.00      0.00     39.33
10:23:20 PM       0     19.00      0.00     47.00      0.00      0.00     34.00
10:23:21 PM       0     16.67      0.00     49.02      0.00      0.00     34.31
10:23:22 PM       0     17.92      0.00     50.00      0.00      0.00     32.08
10:23:23 PM       0     16.19      0.00     50.48      0.00      0.00     33.33
10:23:24 PM       0     18.42      0.00     50.88      0.00      0.00     30.70
10:23:25 PM       0     15.22      0.00     47.83      0.00      0.00     36.96
10:23:26 PM       0     13.33      0.00     47.78      0.00      0.00     38.89
10:23:27 PM       0     16.67      0.00     46.88      0.00      0.00     36.46
10:23:28 PM       0     17.14      0.00     50.48      0.00      0.00     32.38
10:23:29 PM       0     16.50      0.00     49.51      0.00      0.00     33.98
10:23:30 PM       0     15.53      0.00     51.46      0.00      0.00     33.01
10:23:31 PM       0     13.33      0.00     47.78      0.00      0.00     38.89
10:23:32 PM       0     17.43      0.00     51.38      0.00      0.00     31.19
10:23:33 PM       0     15.05      0.00     47.31      0.00      0.00     37.63
10:23:34 PM       0     16.04      0.00     51.89      0.00      0.00     32.08
10:23:35 PM       0     14.43      0.00     49.48      0.00      0.00     36.08
10:23:36 PM       0     15.96      0.00     47.87      0.00      0.00     36.17
10:23:37 PM       0     14.74      0.00     49.47      0.00      0.00     35.79
10:23:38 PM       0     17.31      0.00     49.04      0.00      0.00     33.65
10:23:39 PM       0     16.33      0.00     48.98      0.00      0.00     34.69
10:23:40 PM       0     16.33      0.00     48.98      0.00      0.00     34.69
10:23:41 PM       0     17.20      0.00     45.16      0.00      0.00     37.63
10:23:42 PM       0     13.79      0.00     47.13      0.00      0.00     39.08
10:23:43 PM       0     17.48      0.00     48.54      0.00      0.00     33.98
10:23:44 PM       0     16.84      0.00     47.37      0.00      0.00     35.79
10:23:45 PM       0     17.76      0.00     49.53      0.00      0.00     32.71
10:23:46 PM       0     16.33      0.00     48.98      0.00      0.00     34.69
10:23:47 PM       0     14.74      0.00     48.42      0.00      0.00     36.84
10:23:48 PM       0     18.37      0.00     46.94      0.00      0.00     34.69
10:23:49 PM       0     15.79      0.00     48.42      0.00      0.00     35.79
10:23:50 PM       0     16.82      0.00     50.47      0.00      0.00     32.71
10:23:51 PM       0     18.00      0.00     47.00      0.00      0.00     35.00
10:23:52 PM       0     17.35      0.00     47.96      0.00      0.00     34.69
10:23:53 PM       0     14.58      0.00     48.96      0.00      0.00     36.46
10:23:54 PM       0     16.30      0.00     46.74      0.00      0.00     36.96
10:23:55 PM       0     17.82      0.00     48.51      0.00      0.00     33.66
10:23:56 PM       0     16.48      0.00     45.05      0.00      0.00     38.46
10:23:57 PM       0     15.05      0.00     48.39      0.00      0.00     36.56
10:23:58 PM       0     15.31      0.00     50.00      0.00      0.00     34.69
10:23:59 PM       0     16.33      0.00     48.98      0.00      0.00     34.69
10:24:00 PM       0     15.29      0.00     43.53      0.00      0.00     41.18
10:24:01 PM       0     15.31      0.00     50.00      0.00      0.00     34.69
10:24:02 PM       0     17.48      0.00     49.51      0.00      0.00     33.01
10:24:03 PM       0     18.69      0.00     49.53      0.00      0.00     31.78
10:24:04 PM       0     16.48      0.00     46.15      0.00      0.00     37.36
10:24:05 PM       0     17.31      0.00     49.04      0.00      0.00     33.65
10:24:06 PM       0     16.67      0.00     50.00      0.00      0.00     33.33
10:24:07 PM       0     14.61      0.00     47.19      0.00      0.00     38.20
10:24:08 PM       0     18.27      0.00     49.04      0.00      0.00     32.69
10:24:09 PM       0     13.98      0.00     48.39      0.00      0.00     37.63
10:24:10 PM       0     18.27      0.00     49.04      0.00      0.00     32.69
10:24:11 PM       0     18.80      0.00     52.14      0.00      0.00     29.06
10:24:12 PM       0     16.96      0.00     52.68      0.00      0.00     30.36
10:24:13 PM       0     15.00      0.00     50.00      0.00      0.00     35.00
10:24:14 PM       0     17.00      0.00     49.00      0.00      0.00     34.00
10:24:15 PM       0     15.62      0.00     48.96      0.00      0.00     35.42
10:24:16 PM       0     13.27      0.00     52.04      0.00      0.00     34.69
10:24:17 PM       0     16.67      0.00     50.00      0.00      0.00     33.33
10:24:18 PM       0     16.30      0.00     46.74      0.00      0.00     36.96
10:24:19 PM       0     15.31      0.00     48.98      0.00      0.00     35.71
10:24:20 PM       0     16.05      0.00     41.98      0.00      0.00     41.98
10:24:21 PM       0     16.82      0.00     51.40      0.00      0.00     31.78
10:24:22 PM       0     17.14      0.00     49.52      0.00      0.00     33.33
10:24:23 PM       0     17.65      0.00     49.02      0.00      0.00     33.33
10:24:24 PM       0     14.89      0.00     48.94      0.00      0.00     36.17
10:24:25 PM       0     17.31      0.00     50.00      0.00      0.00     32.69
10:24:26 PM       0     13.25      0.00     44.58      0.00      0.00     42.17
10:24:27 PM       0     16.67      0.00     50.98      0.00      0.00     32.35
10:24:28 PM       0     16.16      0.00     49.49      0.00      0.00     34.34
10:24:29 PM       0     16.83      0.00     50.50      0.00      0.00     32.67
10:24:30 PM       0     16.33      0.00     48.98      0.00      0.00     34.69
10:24:31 PM       0     14.85      0.00     52.48      0.00      0.00     32.67
10:24:32 PM       0     16.83      0.00     49.50      0.00      0.00     33.66
10:24:33 PM       0     18.28      0.00     45.16      0.00      0.00     36.56
10:24:34 PM       0     15.00      0.00     52.00      0.00      0.00     33.00
10:24:35 PM       0     15.79      0.00     48.42      0.00      0.00     35.79
10:24:36 PM       0     16.83      0.00     50.50      0.00      0.00     32.67
10:24:37 PM       0     18.37      0.00     47.96      0.00      0.00     33.67
10:24:38 PM       0     17.17      0.00     48.48      0.00      0.00     34.34
10:24:39 PM       0     17.35      0.00     48.98      0.00      0.00     33.67
10:24:40 PM       0     15.62      0.00     48.96      0.00      0.00     35.42
10:24:41 PM       0     16.67      0.00     48.96      0.00      0.00     34.38
10:24:42 PM       0     17.48      0.00     50.49      0.00      0.00     32.04
10:24:43 PM       0     17.02      0.00     46.81      0.00      0.00     36.17
10:24:44 PM       0     15.15      0.00     51.52      0.00      0.00     33.33
10:24:45 PM       0     16.00      0.00     51.00      0.00      0.00     33.00
10:24:46 PM       0     15.46      0.00     50.52      0.00      0.00     34.02
10:24:47 PM       0     19.42      0.00     47.57      0.00      0.00     33.01
10:24:48 PM       0     14.29      0.00     52.04      0.00      0.00     33.67
10:24:49 PM       0     15.15      0.00     51.52      0.00      0.00     33.33
10:24:50 PM       0     18.27      0.00     50.00      0.00      0.00     31.73
10:24:51 PM       0     15.69      0.00     51.96      0.00      0.00     32.35
10:24:52 PM       0     16.67      0.00     48.96      0.00      0.00     34.38
10:24:53 PM       0     17.14      0.00     51.43      0.00      0.00     31.43
10:24:54 PM       0     16.00      0.00     50.00      0.00      0.00     34.00
10:24:55 PM       0     15.00      0.00     52.00      0.00      0.00     33.00
10:24:56 PM       0     15.31      0.00     50.00      0.00      0.00     34.69
10:24:57 PM       0     18.37      0.00     47.96      0.00      0.00     33.67
10:24:58 PM       0     15.69      0.00     50.98      0.00      0.00     33.33
10:24:59 PM       0     15.31      0.00     51.02      0.00      0.00     33.67
10:25:00 PM       0     16.33      0.00     50.00      0.00      0.00     33.67
10:25:01 PM       0     16.00      0.00     50.00      0.00      0.00     34.00
10:25:02 PM       0     13.40      0.00     52.58      0.00      0.00     34.02
10:25:03 PM       0     16.84      0.00     48.42      0.00      0.00     34.74
10:25:04 PM       0     15.15      0.00     50.51      0.00      0.00     34.34
10:25:05 PM       0     16.49      0.00     49.48      0.00      0.00     34.02
10:25:06 PM       0     17.48      0.00     49.51      0.00      0.00     33.01
10:25:07 PM       0     18.10      0.00     50.48      0.00      0.00     31.43
10:25:08 PM       0     15.38      0.00     51.92      0.00      0.00     32.69
10:25:09 PM       0     17.02      0.00     47.87      0.00      0.00     35.11
10:25:10 PM       0     14.58      0.00     47.92      0.00      0.00     37.50
10:25:11 PM       0      4.26      0.00     13.83      0.00      0.00     81.91
10:25:12 PM       0      1.00      0.00      1.00      0.00      0.00     98.00
10:25:13 PM       0      0.00      0.00      0.00      0.00      0.00    100.00
10:25:14 PM       0      0.00      0.00      0.00      0.00      0.00    100.00
10:25:15 PM       0      0.00      0.00      0.00      0.00      0.00    100.00
10:25:16 PM       0      0.00      0.00      0.00      0.00      0.00    100.00
10:25:17 PM       0      0.00      0.00      0.00      0.00      0.00    100.00
10:25:18 PM       0      0.00      0.00      0.00      0.00      0.00    100.00
10:25:19 PM       0      0.00      0.00      0.00      0.00      0.00    100.00
10:25:20 PM       0      0.00      0.00      0.00      0.00      0.00    100.00
10:25:21 PM       0      0.00      0.00      0.00      0.00      0.00    100.00
10:25:22 PM       0      0.00      0.00      0.00      0.00      0.00    100.00
10:25:23 PM       0      0.00      0.00      0.00      0.00      0.00    100.00
10:25:24 PM       0      0.00      0.00      0.00      0.00      0.00    100.00
10:25:25 PM       0      0.00      0.00      0.00      0.00      0.00    100.00
10:25:26 PM       0      0.00      0.00      0.00      0.00      0.00    100.00
10:25:27 PM       0      0.00      0.00      0.00      0.00      0.00    100.00
10:25:28 PM       0      0.00      0.00      0.00      0.00      0.00    100.00


10:25:29 PM       0      0.00      0.00      0.00      0.00      0.00    100.00
Average:          0     17.49      0.00     43.09      0.00      0.00     39.42
