Linux 3.10.0-514.el7.x86_64 (localhost.localdomain) 	04/05/2020 	_x86_64_	(48 CPU)

06:35:13 AM     CPU     %user     %nice   %system   %iowait    %steal     %idle
06:35:14 AM       0      0.00      0.00      0.00      0.00      0.00    100.00
06:35:15 AM       0      0.00      0.00      0.00      0.00      0.00    100.00
06:35:16 AM       0      0.00      0.00      0.00      0.00      0.00    100.00
06:35:17 AM       0      0.00      0.00      0.00      0.00      0.00    100.00
06:35:18 AM       0      0.00      0.00      0.00      0.00      0.00    100.00
06:35:19 AM       0      8.08      0.00     14.14      0.00      0.00     77.78
06:35:20 AM       0     31.00      0.00     67.00      0.00      0.00      2.00
06:35:21 AM       0     29.00      0.00     67.00      0.00      0.00      4.00
06:35:22 AM       0     30.30      0.00     64.65      0.00      0.00      5.05
06:35:23 AM       0     27.27      0.00     68.69      0.00      0.00      4.04
06:35:24 AM       0     26.00      0.00     70.00      0.00      0.00      4.00
06:35:25 AM       0     33.33      0.00     62.63      0.00      0.00      4.04
06:35:26 AM       0     28.71      0.00     66.34      0.00      0.00      4.95
06:35:27 AM       0     31.31      0.00     64.65      0.00      0.00      4.04
06:35:28 AM       0     29.70      0.00     65.35      0.00      0.00      4.95
06:35:29 AM       0     29.29      0.00     66.67      0.00      0.00      4.04
06:35:30 AM       0     31.00      0.00     65.00      0.00      0.00      4.00
06:35:31 AM       0     29.41      0.00     65.69      0.00      0.00      4.90
06:35:32 AM       0     30.00      0.00     66.00      0.00      0.00      4.00
06:35:33 AM       0     31.00      0.00     65.00      0.00      0.00      4.00
06:35:34 AM       0     31.31      0.00     64.65      0.00      0.00      4.04
06:35:35 AM       0     27.72      0.00     67.33      0.00      0.00      4.95
06:35:36 AM       0     30.61      0.00     65.31      0.00      0.00      4.08
06:35:37 AM       0     29.29      0.00     66.67      0.00      0.00      4.04
06:35:38 AM       0     31.00      0.00     64.00      0.00      0.00      5.00
06:35:39 AM       0     28.00      0.00     66.00      0.00      0.00      6.00
06:35:40 AM       0     31.00      0.00     65.00      0.00      0.00      4.00
06:35:41 AM       0     30.00      0.00     66.00      0.00      0.00      4.00
06:35:42 AM       0     29.29      0.00     65.66      0.00      0.00      5.05
06:35:43 AM       0     30.61      0.00     65.31      0.00      0.00      4.08
06:35:44 AM       0     30.30      0.00     65.66      0.00      0.00      4.04
06:35:45 AM       0     30.69      0.00     65.35      0.00      0.00      3.96
06:35:46 AM       0     29.59      0.00     66.33      0.00      0.00      4.08
06:35:47 AM       0     30.69      0.00     64.36      0.00      0.00      4.95
06:35:48 AM       0     29.00      0.00     67.00      0.00      0.00      4.00
06:35:49 AM       0     29.70      0.00     64.36      0.00      0.00      5.94
06:35:50 AM       0     30.30      0.00     64.65      0.00      0.00      5.05
06:35:51 AM       0     32.99      0.00     62.89      0.00      0.00      4.12
06:35:52 AM       0     26.73      0.00     68.32      0.00      0.00      4.95
06:35:53 AM       0     31.68      0.00     64.36      0.00      0.00      3.96
06:35:54 AM       0     29.29      0.00     66.67      0.00      0.00      4.04
06:35:55 AM       0     33.00      0.00     63.00      0.00      0.00      4.00
06:35:56 AM       0     30.00      0.00     65.00      0.00      0.00      5.00
06:35:57 AM       0     34.00      0.00     62.00      0.00      0.00      4.00
06:35:58 AM       0     27.27      0.00     68.69      0.00      0.00      4.04
06:35:59 AM       0     31.00      0.00     64.00      0.00      0.00      5.00
06:36:00 AM       0     32.00      0.00     64.00      0.00      0.00      4.00
06:36:01 AM       0     29.29      0.00     66.67      0.00      0.00      4.04
06:36:02 AM       0     32.67      0.00     63.37      0.00      0.00      3.96
06:36:03 AM       0     30.30      0.00     64.65      0.00      0.00      5.05
06:36:04 AM       0     29.41      0.00     65.69      0.00      0.00      4.90
06:36:05 AM       0     29.59      0.00     66.33      0.00      0.00      4.08
06:36:06 AM       0     32.00      0.00     64.00      0.00      0.00      4.00
06:36:07 AM       0     30.69      0.00     64.36      0.00      0.00      4.95
06:36:08 AM       0     31.00      0.00     65.00      0.00      0.00      4.00
06:36:09 AM       0     30.00      0.00     65.00      0.00      0.00      5.00
06:36:10 AM       0     30.69      0.00     64.36      0.00      0.00      4.95
06:36:11 AM       0     30.30      0.00     65.66      0.00      0.00      4.04
06:36:12 AM       0     30.00      0.00     66.00      0.00      0.00      4.00
06:36:13 AM       0     29.00      0.00     66.00      0.00      0.00      5.00
06:36:14 AM       0     27.72      0.00     67.33      0.00      0.00      4.95
06:36:15 AM       0     30.61      0.00     64.29      0.00      0.00      5.10
06:36:16 AM       0     27.00      0.00     69.00      0.00      0.00      4.00
06:36:17 AM       0     31.00      0.00     65.00      0.00      0.00      4.00
06:36:18 AM       0     28.71      0.00     66.34      0.00      0.00      4.95
06:36:19 AM       0     28.28      0.00     66.67      0.00      0.00      5.05
06:36:20 AM       0     30.00      0.00     66.00      0.00      0.00      4.00
06:36:21 AM       0     31.00      0.00     64.00      0.00      0.00      5.00
06:36:22 AM       0     29.00      0.00     67.00      0.00      0.00      4.00
06:36:23 AM       0     31.00      0.00     64.00      0.00      0.00      5.00
06:36:24 AM       0     31.00      0.00     65.00      0.00      0.00      4.00
06:36:25 AM       0     30.00      0.00     65.00      0.00      0.00      5.00
06:36:26 AM       0     31.00      0.00     65.00      0.00      0.00      4.00
06:36:27 AM       0     30.30      0.00     65.66      0.00      0.00      4.04
06:36:28 AM       0     29.00      0.00     66.00      0.00      0.00      5.00
06:36:29 AM       0     30.61      0.00     65.31      0.00      0.00      4.08
06:36:30 AM       0     31.68      0.00     63.37      0.00      0.00      4.95
06:36:31 AM       0     29.29      0.00     66.67      0.00      0.00      4.04
06:36:32 AM       0     30.30      0.00     65.66      0.00      0.00      4.04
06:36:33 AM       0     32.00      0.00     64.00      0.00      0.00      4.00
06:36:34 AM       0     29.00      0.00     67.00      0.00      0.00      4.00
06:36:35 AM       0     32.65      0.00     62.24      0.00      0.00      5.10
06:36:36 AM       0     29.00      0.00     67.00      0.00      0.00      4.00
06:36:37 AM       0     28.43      0.00     67.65      0.00      0.00      3.92
06:36:38 AM       0     29.29      0.00     66.67      0.00      0.00      4.04
06:36:39 AM       0     28.71      0.00     66.34      0.00      0.00      4.95
06:36:40 AM       0     29.00      0.00     67.00      0.00      0.00      4.00
06:36:41 AM       0     28.00      0.00     68.00      0.00      0.00      4.00
06:36:42 AM       0     29.70      0.00     65.35      0.00      0.00      4.95
06:36:43 AM       0     31.31      0.00     64.65      0.00      0.00      4.04
06:36:44 AM       0     31.31      0.00     63.64      0.00      0.00      5.05
06:36:45 AM       0     30.69      0.00     65.35      0.00      0.00      3.96
06:36:46 AM       0     30.30      0.00     65.66      0.00      0.00      4.04
06:36:47 AM       0     29.41      0.00     65.69      0.00      0.00      4.90
06:36:48 AM       0     32.32      0.00     63.64      0.00      0.00      4.04
06:36:49 AM       0     29.29      0.00     66.67      0.00      0.00      4.04
06:36:50 AM       0     30.30      0.00     65.66      0.00      0.00      4.04
06:36:51 AM       0     32.00      0.00     64.00      0.00      0.00      4.00
06:36:52 AM       0     29.00      0.00     66.00      0.00      0.00      5.00
06:36:53 AM       0     28.28      0.00     66.67      0.00      0.00      5.05
06:36:54 AM       0     28.28      0.00     66.67      0.00      0.00      5.05
06:36:55 AM       0     27.00      0.00     69.00      0.00      0.00      4.00
06:36:56 AM       0     29.29      0.00     66.67      0.00      0.00      4.04
06:36:57 AM       0     29.29      0.00     66.67      0.00      0.00      4.04
06:36:58 AM       0     33.66      0.00     61.39      0.00      0.00      4.95
06:36:59 AM       0     31.00      0.00     65.00      0.00      0.00      4.00
06:37:00 AM       0     31.00      0.00     65.00      0.00      0.00      4.00
06:37:01 AM       0     31.31      0.00     64.65      0.00      0.00      4.04
06:37:02 AM       0     28.43      0.00     66.67      0.00      0.00      4.90
06:37:03 AM       0     30.61      0.00     64.29      0.00      0.00      5.10
06:37:04 AM       0     31.00      0.00     64.00      0.00      0.00      5.00
06:37:05 AM       0     28.00      0.00     68.00      0.00      0.00      4.00
06:37:06 AM       0     31.00      0.00     64.00      0.00      0.00      5.00
06:37:07 AM       0     29.00      0.00     67.00      0.00      0.00      4.00
06:37:08 AM       0     29.29      0.00     66.67      0.00      0.00      4.04
06:37:09 AM       0     27.00      0.00     69.00      0.00      0.00      4.00
06:37:10 AM       0     30.69      0.00     64.36      0.00      0.00      4.95
06:37:11 AM       0     30.69      0.00     65.35      0.00      0.00      3.96
06:37:12 AM       0     30.61      0.00     65.31      0.00      0.00      4.08
06:37:13 AM       0     29.41      0.00     65.69      0.00      0.00      4.90
06:37:14 AM       0     30.00      0.00     66.00      0.00      0.00      4.00
06:37:15 AM       0     32.00      0.00     64.00      0.00      0.00      4.00
06:37:16 AM       0     31.00      0.00     65.00      0.00      0.00      4.00
06:37:17 AM       0     31.31      0.00     64.65      0.00      0.00      4.04
06:37:18 AM       0     30.00      0.00     66.00      0.00      0.00      4.00
06:37:19 AM       0     30.00      0.00     65.00      0.00      0.00      5.00
06:37:20 AM       0     32.65      0.00     63.27      0.00      0.00      4.08
06:37:21 AM       0     32.65      0.00     63.27      0.00      0.00      4.08
06:37:22 AM       0     30.00      0.00     65.00      0.00      0.00      5.00
06:37:23 AM       0     28.00      0.00     67.00      0.00      0.00      5.00
06:37:24 AM       0     30.69      0.00     64.36      0.00      0.00      4.95
06:37:25 AM       0     30.00      0.00     65.00      0.00      0.00      5.00
06:37:26 AM       0     30.30      0.00     65.66      0.00      0.00      4.04
06:37:27 AM       0     28.28      0.00     66.67      0.00      0.00      5.05
06:37:28 AM       0     32.00      0.00     64.00      0.00      0.00      4.00
06:37:29 AM       0     32.00      0.00     63.00      0.00      0.00      5.00
06:37:30 AM       0     30.69      0.00     64.36      0.00      0.00      4.95
06:37:31 AM       0     29.00      0.00     66.00      0.00      0.00      5.00
06:37:32 AM       0     29.70      0.00     65.35      0.00      0.00      4.95
06:37:33 AM       0     29.00      0.00     66.00      0.00      0.00      5.00
06:37:34 AM       0     30.69      0.00     64.36      0.00      0.00      4.95
06:37:35 AM       0     31.00      0.00     65.00      0.00      0.00      4.00
06:37:36 AM       0     27.72      0.00     67.33      0.00      0.00      4.95
06:37:37 AM       0     30.69      0.00     64.36      0.00      0.00      4.95
06:37:38 AM       0     31.68      0.00     64.36      0.00      0.00      3.96
06:37:39 AM       0     29.29      0.00     65.66      0.00      0.00      5.05
06:37:40 AM       0     30.00      0.00     65.00      0.00      0.00      5.00
06:37:41 AM       0     33.00      0.00     62.00      0.00      0.00      5.00
06:37:42 AM       0     30.69      0.00     64.36      0.00      0.00      4.95
06:37:43 AM       0     27.00      0.00     67.00      0.00      0.00      6.00
06:37:44 AM       0     34.00      0.00     61.00      0.00      0.00      5.00
06:37:45 AM       0     29.29      0.00     66.67      0.00      0.00      4.04
06:37:46 AM       0     29.70      0.00     65.35      0.00      0.00      4.95
06:37:47 AM       0     29.70      0.00     65.35      0.00      0.00      4.95
06:37:48 AM       0     30.00      0.00     65.00      0.00      0.00      5.00
06:37:49 AM       0     32.00      0.00     63.00      0.00      0.00      5.00
06:37:50 AM       0     29.29      0.00     65.66      0.00      0.00      5.05
06:37:51 AM       0     31.37      0.00     62.75      0.00      0.00      5.88
06:37:52 AM       0     31.68      0.00     63.37      0.00      0.00      4.95
06:37:53 AM       0     30.30      0.00     64.65      0.00      0.00      5.05
06:37:54 AM       0     29.70      0.00     65.35      0.00      0.00      4.95
06:37:55 AM       0     29.00      0.00     66.00      0.00      0.00      5.00
06:37:56 AM       0     32.35      0.00     59.80      0.00      0.00      7.84
06:37:57 AM       0     30.30      0.00     58.59      0.00      0.00     11.11
06:37:58 AM       0     30.00      0.00     50.00      0.00      0.00     20.00
06:37:59 AM       0     27.84      0.00     44.33      0.00      0.00     27.84
06:38:00 AM       0     28.85      0.00     44.23      0.00      0.00     26.92
06:38:01 AM       0     25.26      0.00     45.26      0.00      0.00     29.47
06:38:02 AM       0     27.72      0.00     44.55      0.00      0.00     27.72
06:38:03 AM       0     27.45      0.00     45.10      0.00      0.00     27.45
06:38:04 AM       0     25.26      0.00     46.32      0.00      0.00     28.42
06:38:05 AM       0     27.62      0.00     45.71      0.00      0.00     26.67
06:38:06 AM       0     26.53      0.00     44.90      0.00      0.00     28.57
06:38:07 AM       0     26.92      0.00     46.15      0.00      0.00     26.92
06:38:08 AM       0     26.09      0.00     44.57      0.00      0.00     29.35
06:38:09 AM       0     25.77      0.00     45.36      0.00      0.00     28.87
06:38:10 AM       0     27.84      0.00     44.33      0.00      0.00     27.84
06:38:11 AM       0     23.91      0.00     46.74      0.00      0.00     29.35
06:38:12 AM       0     23.91      0.00     45.65      0.00      0.00     30.43
06:38:13 AM       0     24.44      0.00     45.56      0.00      0.00     30.00
06:38:14 AM       0     28.70      0.00     46.30      0.00      0.00     25.00
06:38:15 AM       0     29.25      0.00     45.28      0.00      0.00     25.47
06:38:16 AM       0     30.36      0.00     45.54      0.00      0.00     24.11
06:38:17 AM       0     27.00      0.00     46.00      0.00      0.00     27.00
06:38:18 AM       0     26.00      0.00     47.00      0.00      0.00     27.00
06:38:19 AM       0     23.16      0.00     48.42      0.00      0.00     28.42
06:38:20 AM       0     28.57      0.00     45.71      0.00      0.00     25.71
06:38:21 AM       0     26.26      0.00     46.46      0.00      0.00     27.27
06:38:22 AM       0     27.27      0.00     45.45      0.00      0.00     27.27
06:38:23 AM       0     29.70      0.00     43.56      0.00      0.00     26.73
06:38:24 AM       0     26.73      0.00     46.53      0.00      0.00     26.73
06:38:25 AM       0     28.89      0.00     41.11      0.00      0.00     30.00
06:38:26 AM       0     27.27      0.00     45.45      0.00      0.00     27.27
06:38:27 AM       0     26.32      0.00     45.26      0.00      0.00     28.42
06:38:28 AM       0     23.23      0.00     49.49      0.00      0.00     27.27
06:38:29 AM       0     26.14      0.00     43.18      0.00      0.00     30.68
06:38:30 AM       0     25.25      0.00     46.46      0.00      0.00     28.28
06:38:31 AM       0     29.13      0.00     44.66      0.00      0.00     26.21
06:38:32 AM       0     25.00      0.00     44.32      0.00      0.00     30.68
06:38:33 AM       0     28.57      0.00     44.76      0.00      0.00     26.67
06:38:34 AM       0     25.77      0.00     46.39      0.00      0.00     27.84
06:38:35 AM       0     27.45      0.00     45.10      0.00      0.00     27.45
06:38:36 AM       0     28.30      0.00     46.23      0.00      0.00     25.47
06:38:37 AM       0     25.96      0.00     47.12      0.00      0.00     26.92
06:38:38 AM       0     26.67      0.00     42.22      0.00      0.00     31.11
06:38:39 AM       0     28.26      0.00     42.39      0.00      0.00     29.35
06:38:40 AM       0     27.45      0.00     45.10      0.00      0.00     27.45
06:38:41 AM       0     25.00      0.00     45.83      0.00      0.00     29.17
06:38:42 AM       0     25.29      0.00     42.53      0.00      0.00     32.18
06:38:43 AM       0     26.73      0.00     45.54      0.00      0.00     27.72
06:38:44 AM       0     26.92      0.00     46.15      0.00      0.00     26.92
06:38:45 AM       0     27.78      0.00     47.22      0.00      0.00     25.00
06:38:46 AM       0     25.49      0.00     47.06      0.00      0.00     27.45
06:38:47 AM       0     26.92      0.00     46.15      0.00      0.00     26.92
06:38:48 AM       0     26.00      0.00     46.00      0.00      0.00     28.00
06:38:49 AM       0     27.72      0.00     44.55      0.00      0.00     27.72
06:38:50 AM       0     26.00      0.00     46.00      0.00      0.00     28.00
06:38:51 AM       0     27.27      0.00     44.44      0.00      0.00     28.28
06:38:52 AM       0     26.32      0.00     44.21      0.00      0.00     29.47
06:38:53 AM       0     25.77      0.00     44.33      0.00      0.00     29.90
06:38:54 AM       0     27.88      0.00     41.35      0.00      0.00     30.77
06:38:55 AM       0     15.00      0.00     27.00      0.00      0.00     58.00
06:38:56 AM       0      3.00      0.00      8.00      0.00      0.00     89.00
06:38:57 AM       0      0.00      0.00      0.00      0.00      0.00    100.00
06:38:58 AM       0      0.00      0.00      0.00      0.00      0.00    100.00
06:38:59 AM       0      0.00      0.00      0.00      0.00      0.00    100.00


06:38:59 AM       0      0.00      0.00      0.00      0.00      0.00    100.00
Average:          0     27.93      0.00     57.25      0.00      0.00     14.83
