Linux 3.10.0-514.el7.x86_64 (localhost.localdomain) 	03/30/2020 	_x86_64_	(48 CPU)

10:14:05 PM     CPU     %user     %nice   %system   %iowait    %steal     %idle
10:14:06 PM       0      0.00      0.00      0.00      0.00      0.00    100.00
10:14:07 PM       0      0.00      0.00      0.00      0.00      0.00    100.00
10:14:08 PM       0      0.00      0.00      0.00      0.00      0.00    100.00
10:14:09 PM       0      0.00      0.00      0.00      0.00      0.00    100.00
10:14:10 PM       0      0.00      0.00      0.00      0.00      0.00    100.00
10:14:11 PM       0      0.00      0.00      0.00      0.00      0.00    100.00
10:14:12 PM       0      0.00      0.00      0.00      0.00      0.00    100.00
10:14:13 PM       0      0.00      0.00      0.00      0.00      0.00    100.00
10:14:14 PM       0      0.00      0.00      0.00      0.00      0.00    100.00
10:14:15 PM       0      0.00      0.00      0.00      0.00      0.00    100.00
10:14:16 PM       0      0.00      0.00      0.00      0.00      0.00    100.00
10:14:17 PM       0      0.00      0.00      0.00      0.00      0.00    100.00
10:14:18 PM       0      0.00      0.00      0.00      0.00      0.00    100.00
10:14:19 PM       0      3.06      0.00      3.06      0.00      0.00     93.88
10:14:20 PM       0     29.29      0.00     62.63      0.00      0.00      8.08
10:14:21 PM       0     30.00      0.00     69.00      0.00      0.00      1.00
10:14:22 PM       0     32.00      0.00     67.00      0.00      0.00      1.00
10:14:23 PM       0     33.00      0.00     66.00      0.00      0.00      1.00
10:14:24 PM       0     35.35      0.00     63.64      0.00      0.00      1.01
10:14:25 PM       0     32.67      0.00     66.34      0.00      0.00      0.99
10:14:26 PM       0     31.31      0.00     67.68      0.00      0.00      1.01
10:14:27 PM       0     34.00      0.00     65.00      0.00      0.00      1.00
10:14:28 PM       0     34.34      0.00     65.66      0.00      0.00      0.00
10:14:29 PM       0     32.67      0.00     66.34      0.00      0.00      0.99
10:14:30 PM       0     34.00      0.00     65.00      0.00      0.00      1.00
10:14:31 PM       0     32.00      0.00     67.00      0.00      0.00      1.00
10:14:32 PM       0     33.00      0.00     66.00      0.00      0.00      1.00
10:14:33 PM       0     32.67      0.00     66.34      0.00      0.00      0.99
10:14:34 PM       0     31.31      0.00     67.68      0.00      0.00      1.01
10:14:35 PM       0     32.00      0.00     67.00      0.00      0.00      1.00
10:14:36 PM       0     33.00      0.00     66.00      0.00      0.00      1.00
10:14:37 PM       0     34.00      0.00     65.00      0.00      0.00      1.00
10:14:38 PM       0     33.33      0.00     65.66      0.00      0.00      1.01
10:14:39 PM       0     31.37      0.00     67.65      0.00      0.00      0.98
10:14:40 PM       0     31.31      0.00     67.68      0.00      0.00      1.01
10:14:41 PM       0     32.67      0.00     66.34      0.00      0.00      0.99
10:14:42 PM       0     30.00      0.00     69.00      0.00      0.00      1.00
10:14:43 PM       0     33.00      0.00     66.00      0.00      0.00      1.00
10:14:44 PM       0     32.00      0.00     68.00      0.00      0.00      0.00
10:14:45 PM       0     32.32      0.00     66.67      0.00      0.00      1.01
10:14:46 PM       0     37.00      0.00     62.00      0.00      0.00      1.00
10:14:47 PM       0     30.69      0.00     68.32      0.00      0.00      0.99
10:14:48 PM       0     32.32      0.00     66.67      0.00      0.00      1.01
10:14:49 PM       0     33.00      0.00     66.00      0.00      0.00      1.00
10:14:50 PM       0     32.32      0.00     66.67      0.00      0.00      1.01
10:14:51 PM       0     33.00      0.00     66.00      0.00      0.00      1.00
10:14:52 PM       0     36.00      0.00     63.00      0.00      0.00      1.00
10:14:53 PM       0     33.66      0.00     65.35      0.00      0.00      0.99
10:14:54 PM       0     33.66      0.00     65.35      0.00      0.00      0.99
10:14:55 PM       0     30.30      0.00     68.69      0.00      0.00      1.01
10:14:56 PM       0     33.00      0.00     66.00      0.00      0.00      1.00
10:14:57 PM       0     33.00      0.00     66.00      0.00      0.00      1.00
10:14:58 PM       0     35.00      0.00     64.00      0.00      0.00      1.00
10:14:59 PM       0     34.00      0.00     65.00      0.00      0.00      1.00
10:15:00 PM       0     33.33      0.00     66.67      0.00      0.00      0.00
10:15:01 PM       0     31.68      0.00     67.33      0.00      0.00      0.99
10:15:02 PM       0     33.66      0.00     65.35      0.00      0.00      0.99
10:15:03 PM       0     32.00      0.00     67.00      0.00      0.00      1.00
10:15:04 PM       0     35.00      0.00     64.00      0.00      0.00      1.00
10:15:05 PM       0     34.00      0.00     65.00      0.00      0.00      1.00
10:15:06 PM       0     35.35      0.00     64.65      0.00      0.00      0.00
10:15:07 PM       0     32.67      0.00     66.34      0.00      0.00      0.99
10:15:08 PM       0     34.34      0.00     64.65      0.00      0.00      1.01
10:15:09 PM       0     35.64      0.00     63.37      0.00      0.00      0.99
10:15:10 PM       0     32.00      0.00     67.00      0.00      0.00      1.00
10:15:11 PM       0     31.00      0.00     67.00      0.00      0.00      2.00
10:15:12 PM       0     34.34      0.00     64.65      0.00      0.00      1.01
10:15:13 PM       0     35.00      0.00     64.00      0.00      0.00      1.00
10:15:14 PM       0     29.00      0.00     70.00      0.00      0.00      1.00
10:15:15 PM       0     32.00      0.00     66.00      0.00      0.00      2.00
10:15:16 PM       0     33.00      0.00     66.00      0.00      0.00      1.00
10:15:17 PM       0     31.31      0.00     67.68      0.00      0.00      1.01
10:15:18 PM       0     34.00      0.00     65.00      0.00      0.00      1.00
10:15:19 PM       0     31.00      0.00     68.00      0.00      0.00      1.00
10:15:20 PM       0     32.67      0.00     66.34      0.00      0.00      0.99
10:15:21 PM       0     34.00      0.00     65.00      0.00      0.00      1.00
10:15:22 PM       0     36.00      0.00     63.00      0.00      0.00      1.00
10:15:23 PM       0     32.00      0.00     68.00      0.00      0.00      0.00
10:15:24 PM       0     32.67      0.00     66.34      0.00      0.00      0.99
10:15:25 PM       0     31.31      0.00     67.68      0.00      0.00      1.01
10:15:26 PM       0     33.00      0.00     66.00      0.00      0.00      1.00
10:15:27 PM       0     33.00      0.00     66.00      0.00      0.00      1.00
10:15:28 PM       0     33.33      0.00     64.71      0.00      0.00      1.96
10:15:29 PM       0     34.34      0.00     65.66      0.00      0.00      0.00
10:15:30 PM       0     32.67      0.00     65.35      0.00      0.00      1.98
10:15:31 PM       0     34.34      0.00     64.65      0.00      0.00      1.01
10:15:32 PM       0     34.00      0.00     65.00      0.00      0.00      1.00
10:15:33 PM       0     33.00      0.00     66.00      0.00      0.00      1.00
10:15:34 PM       0     30.00      0.00     69.00      0.00      0.00      1.00
10:15:35 PM       0     34.65      0.00     64.36      0.00      0.00      0.99
10:15:36 PM       0     36.36      0.00     62.63      0.00      0.00      1.01
10:15:37 PM       0     33.66      0.00     64.36      0.00      0.00      1.98
10:15:38 PM       0     34.00      0.00     65.00      0.00      0.00      1.00
10:15:39 PM       0     29.29      0.00     69.70      0.00      0.00      1.01
10:15:40 PM       0     29.41      0.00     66.67      0.00      0.00      3.92
10:15:41 PM       0     27.55      0.00     68.37      0.00      0.00      4.08
10:15:42 PM       0     25.00      0.00     70.00      0.00      0.00      5.00
10:15:43 PM       0     25.77      0.00     68.04      0.00      0.00      6.19
10:15:44 PM       0     23.76      0.00     68.32      0.00      0.00      7.92
10:15:45 PM       0     22.45      0.00     70.41      0.00      0.00      7.14
10:15:46 PM       0     23.23      0.00     68.69      0.00      0.00      8.08
10:15:47 PM       0     21.43      0.00     71.43      0.00      0.00      7.14
10:15:48 PM       0     22.22      0.00     70.71      0.00      0.00      7.07
10:15:49 PM       0     24.49      0.00     68.37      0.00      0.00      7.14
10:15:50 PM       0     26.00      0.00     66.00      0.00      0.00      8.00
10:15:51 PM       0     22.92      0.00     69.79      0.00      0.00      7.29
10:15:52 PM       0     25.00      0.00     67.71      0.00      0.00      7.29
10:15:53 PM       0     21.21      0.00     71.72      0.00      0.00      7.07
10:15:54 PM       0     23.00      0.00     70.00      0.00      0.00      7.00
10:15:55 PM       0     23.00      0.00     70.00      0.00      0.00      7.00
10:15:56 PM       0     21.21      0.00     71.72      0.00      0.00      7.07
10:15:57 PM       0     23.23      0.00     69.70      0.00      0.00      7.07
10:15:58 PM       0     22.45      0.00     70.41      0.00      0.00      7.14
10:15:59 PM       0     24.74      0.00     68.04      0.00      0.00      7.22
10:16:00 PM       0     22.68      0.00     71.13      0.00      0.00      6.19
10:16:01 PM       0     22.92      0.00     69.79      0.00      0.00      7.29
10:16:02 PM       0     23.23      0.00     69.70      0.00      0.00      7.07
10:16:03 PM       0     22.22      0.00     70.71      0.00      0.00      7.07
10:16:04 PM       0     23.71      0.00     69.07      0.00      0.00      7.22
10:16:05 PM       0     24.00      0.00     70.00      0.00      0.00      6.00
10:16:06 PM       0     25.00      0.00     67.71      0.00      0.00      7.29
10:16:07 PM       0     24.49      0.00     69.39      0.00      0.00      6.12
10:16:08 PM       0     22.45      0.00     70.41      0.00      0.00      7.14
10:16:09 PM       0     21.43      0.00     71.43      0.00      0.00      7.14
10:16:10 PM       0     23.71      0.00     70.10      0.00      0.00      6.19
10:16:11 PM       0     23.23      0.00     69.70      0.00      0.00      7.07
10:16:12 PM       0     23.47      0.00     69.39      0.00      0.00      7.14
10:16:13 PM       0     23.00      0.00     70.00      0.00      0.00      7.00
10:16:14 PM       0     22.45      0.00     71.43      0.00      0.00      6.12
10:16:15 PM       0     22.00      0.00     71.00      0.00      0.00      7.00
10:16:16 PM       0     23.71      0.00     69.07      0.00      0.00      7.22
10:16:17 PM       0     24.24      0.00     68.69      0.00      0.00      7.07
10:16:18 PM       0     23.23      0.00     69.70      0.00      0.00      7.07
10:16:19 PM       0     24.24      0.00     69.70      0.00      0.00      6.06
10:16:20 PM       0     24.49      0.00     68.37      0.00      0.00      7.14
10:16:21 PM       0     24.24      0.00     68.69      0.00      0.00      7.07
10:16:22 PM       0     24.24      0.00     68.69      0.00      0.00      7.07
10:16:23 PM       0     24.74      0.00     68.04      0.00      0.00      7.22
10:16:24 PM       0     24.49      0.00     68.37      0.00      0.00      7.14
10:16:25 PM       0     24.74      0.00     68.04      0.00      0.00      7.22
10:16:26 PM       0     21.43      0.00     71.43      0.00      0.00      7.14
10:16:27 PM       0     21.43      0.00     72.45      0.00      0.00      6.12
10:16:28 PM       0     25.00      0.00     68.00      0.00      0.00      7.00
10:16:29 PM       0     21.43      0.00     72.45      0.00      0.00      6.12
10:16:30 PM       0     24.74      0.00     69.07      0.00      0.00      6.19
10:16:31 PM       0     23.47      0.00     70.41      0.00      0.00      6.12
10:16:32 PM       0     20.62      0.00     73.20      0.00      0.00      6.19
10:16:33 PM       0     21.43      0.00     72.45      0.00      0.00      6.12
10:16:34 PM       0     22.22      0.00     70.71      0.00      0.00      7.07
10:16:35 PM       0     23.47      0.00     70.41      0.00      0.00      6.12
10:16:36 PM       0     23.47      0.00     70.41      0.00      0.00      6.12
10:16:37 PM       0     22.22      0.00     71.72      0.00      0.00      6.06
10:16:38 PM       0     23.47      0.00     70.41      0.00      0.00      6.12
10:16:39 PM       0     20.83      0.00     72.92      0.00      0.00      6.25
10:16:40 PM       0     22.45      0.00     70.41      0.00      0.00      7.14
10:16:41 PM       0     25.25      0.00     68.69      0.00      0.00      6.06
10:16:42 PM       0     25.25      0.00     68.69      0.00      0.00      6.06
10:16:43 PM       0     22.00      0.00     71.00      0.00      0.00      7.00
10:16:44 PM       0     23.23      0.00     70.71      0.00      0.00      6.06
10:16:45 PM       0     24.49      0.00     69.39      0.00      0.00      6.12
10:16:46 PM       0     23.47      0.00     70.41      0.00      0.00      6.12
10:16:47 PM       0     22.68      0.00     71.13      0.00      0.00      6.19
10:16:48 PM       0     23.71      0.00     70.10      0.00      0.00      6.19
10:16:49 PM       0     24.24      0.00     68.69      0.00      0.00      7.07
10:16:50 PM       0     21.43      0.00     72.45      0.00      0.00      6.12
10:16:51 PM       0     22.00      0.00     72.00      0.00      0.00      6.00
10:16:52 PM       0     22.92      0.00     70.83      0.00      0.00      6.25
10:16:53 PM       0     25.51      0.00     68.37      0.00      0.00      6.12
10:16:54 PM       0     23.53      0.00     68.63      0.00      0.00      7.84
10:16:55 PM       0     23.23      0.00     64.65      0.00      0.00     12.12
10:16:56 PM       0     17.17      0.00     58.59      0.00      0.00     24.24
10:16:57 PM       0     14.85      0.00     43.56      0.00      0.00     41.58
10:16:58 PM       0      9.90      0.00     27.72      0.00      0.00     62.38
10:16:59 PM       0      6.19      0.00     22.68      3.09      0.00     68.04
10:17:00 PM       0      4.00      0.00     14.00      0.00      0.00     82.00
10:17:01 PM       0      0.00      0.00      0.00      0.00      0.00    100.00
10:17:02 PM       0      0.00      0.00      0.00      0.00      0.00    100.00
10:17:03 PM       0      0.00      0.00      0.00      0.00      0.00    100.00
10:17:04 PM       0      0.00      0.00      0.00      0.00      0.00    100.00
10:17:05 PM       0      0.00      0.00      0.00      0.00      0.00    100.00
10:17:06 PM       0      0.00      0.00      0.00      0.00      0.00    100.00
10:17:07 PM       0      0.00      0.00      0.00      0.00      0.00    100.00
10:17:08 PM       0      0.00      0.00      0.00      0.00      0.00    100.00
10:17:09 PM       0      0.00      0.00      0.00      0.00      0.00    100.00
10:17:10 PM       0      0.00      0.00      0.00      4.00      0.00     96.00
10:17:11 PM       0      0.00      0.00      0.00      0.00      0.00    100.00
10:17:12 PM       0      0.00      0.00      0.00      0.00      0.00    100.00
10:17:13 PM       0      0.00      0.00      0.00      0.00      0.00    100.00
10:17:14 PM       0      0.00      0.00      0.00      0.00      0.00    100.00
10:17:15 PM       0      0.00      0.00      0.00      0.00      0.00    100.00
10:17:16 PM       0      0.00      0.00      0.00      0.00      0.00    100.00
10:17:17 PM       0      0.00      0.00      0.00      0.00      0.00    100.00
10:17:18 PM       0      0.00      0.00      0.00      0.00      0.00    100.00
10:17:19 PM       0      0.00      0.00      0.00      0.00      0.00    100.00
10:17:20 PM       0      0.00      0.00      0.00      0.00      0.00    100.00
10:17:21 PM       0      0.00      0.00      0.00      0.00      0.00    100.00
10:17:22 PM       0      0.00      0.00      0.00      0.00      0.00    100.00
10:17:23 PM       0      0.00      0.00      0.00      0.00      0.00    100.00
10:17:24 PM       0      0.00      0.00      0.00      0.00      0.00    100.00
10:17:25 PM       0      0.00      0.00      0.00      0.00      0.00    100.00
10:17:26 PM       0      0.00      0.00      0.00      0.00      0.00    100.00
10:17:27 PM       0      0.00      0.00      0.00      0.00      0.00    100.00
10:17:28 PM       0      0.00      0.00      0.00      0.00      0.00    100.00
10:17:29 PM       0      0.00      0.00      0.00      0.00      0.00    100.00
10:17:30 PM       0      0.00      0.00      0.00      0.00      0.00    100.00
10:17:31 PM       0      0.00      0.00      0.00      0.00      0.00    100.00
10:17:32 PM       0      0.00      0.00      0.00      0.00      0.00    100.00
10:17:33 PM       0      0.00      0.00      0.00      0.00      0.00    100.00
10:17:34 PM       0      0.00      0.00      0.00      0.00      0.00    100.00
10:17:35 PM       0      0.00      0.00      0.00      0.00      0.00    100.00
10:17:36 PM       0      0.00      0.00      0.00      0.00      0.00    100.00
10:17:37 PM       0      0.00      0.00      0.00      0.00      0.00    100.00
10:17:38 PM       0      0.00      0.00      0.00      0.00      0.00    100.00
10:17:39 PM       0      0.00      0.00      0.00      0.00      0.00    100.00
10:17:40 PM       0      0.00      0.00      0.00      0.00      0.00    100.00
10:17:41 PM       0      0.00      0.00      0.00      0.00      0.00    100.00
10:17:42 PM       0      0.00      0.00      0.00      0.00      0.00    100.00
10:17:43 PM       0      0.00      0.00      0.00      0.00      0.00    100.00
10:17:44 PM       0      0.00      0.00      0.00      0.00      0.00    100.00
10:17:45 PM       0      0.00      0.00      0.00      0.00      0.00    100.00
10:17:46 PM       0      0.00      0.00      0.00      0.00      0.00    100.00
10:17:47 PM       0      0.00      0.00      0.00      0.00      0.00    100.00
10:17:48 PM       0      0.00      0.00      0.00      0.00      0.00    100.00
10:17:49 PM       0      0.00      0.00      0.00      0.00      0.00    100.00
10:17:50 PM       0      0.00      0.00      0.00      0.00      0.00    100.00
10:17:51 PM       0      0.00      0.00      0.00      0.00      0.00    100.00
10:17:52 PM       0      0.00      0.00      0.00      0.00      0.00    100.00
10:17:53 PM       0      0.00      0.00      0.00      0.00      0.00    100.00
10:17:54 PM       0      0.00      0.00      0.00      0.00      0.00    100.00
10:17:55 PM       0      0.00      0.00      0.00      0.00      0.00    100.00
10:17:56 PM       0      0.00      0.00      0.00      0.00      0.00    100.00
10:17:57 PM       0      0.00      0.00      0.00      0.00      0.00    100.00
10:17:58 PM       0      0.00      0.00      0.00      0.00      0.00    100.00
10:17:59 PM       0      0.00      0.00      0.00      0.00      0.00    100.00
10:18:00 PM       0      0.00      0.00      0.00      0.00      0.00    100.00
10:18:01 PM       0      0.00      0.00      0.00      0.00      0.00    100.00
10:18:02 PM       0      0.00      0.00      0.00      0.00      0.00    100.00
10:18:03 PM       0      0.00      0.00      0.00      0.00      0.00    100.00
10:18:04 PM       0      0.00      0.00      0.00      0.00      0.00    100.00
10:18:05 PM       0      0.00      0.00      0.00      0.00      0.00    100.00
10:18:06 PM       0      0.00      0.00      0.00      0.00      0.00    100.00
10:18:07 PM       0      0.00      0.00      0.00      0.00      0.00    100.00
10:18:08 PM       0      0.00      0.00      0.00      0.00      0.00    100.00
10:18:09 PM       0      0.00      0.00      0.00      0.00      0.00    100.00
10:18:10 PM       0      0.00      0.00      0.00      0.00      0.00    100.00
10:18:11 PM       0      0.00      0.00      0.00      0.00      0.00    100.00
10:18:12 PM       0      0.00      0.00      0.00      0.00      0.00    100.00
10:18:13 PM       0      0.00      0.00      0.00      0.00      0.00    100.00
10:18:14 PM       0      0.00      0.00      0.00      0.00      0.00    100.00
10:18:15 PM       0      0.00      0.00      0.00      0.00      0.00    100.00
10:18:16 PM       0      0.00      0.00      0.00      0.00      0.00    100.00
10:18:17 PM       0      0.00      0.00      0.00      0.00      0.00    100.00
10:18:18 PM       0      0.00      0.00      0.00      0.00      0.00    100.00
10:18:19 PM       0      0.00      0.00      0.00      0.00      0.00    100.00
10:18:20 PM       0      0.00      0.00      0.00      0.00      0.00    100.00
10:18:21 PM       0      0.00      0.00      0.00      0.00      0.00    100.00
10:18:22 PM       0      0.00      0.00      0.00      0.00      0.00    100.00
10:18:23 PM       0      0.00      0.00      0.00      0.00      0.00    100.00
10:18:24 PM       0      0.00      0.00      0.00      0.00      0.00    100.00
10:18:25 PM       0      0.00      0.00      0.00      0.00      0.00    100.00
10:18:26 PM       0      0.00      0.00      0.00      0.00      0.00    100.00
10:18:27 PM       0      0.00      0.00      0.00      0.00      0.00    100.00
10:18:28 PM       0      0.00      0.00      0.00      0.00      0.00    100.00
10:18:29 PM       0      0.00      0.00      0.00      0.00      0.00    100.00
10:18:30 PM       0      0.00      0.00      0.00      0.00      0.00    100.00
10:18:31 PM       0      0.00      0.00      0.00      0.00      0.00    100.00
10:18:32 PM       0      0.00      0.00      0.00      0.00      0.00    100.00
10:18:33 PM       0      0.00      0.00      0.00      0.00      0.00    100.00
10:18:34 PM       0      0.00      0.00      0.00      0.00      0.00    100.00
10:18:35 PM       0      0.00      0.00      0.00      0.00      0.00    100.00
10:18:36 PM       0      0.00      0.00      0.00      0.00      0.00    100.00
10:18:37 PM       0      0.00      0.00      0.00      0.00      0.00    100.00
10:18:38 PM       0      0.00      0.00      0.00      0.00      0.00    100.00
10:18:39 PM       0      0.00      0.00      0.00      0.00      0.00    100.00
10:18:40 PM       0      0.00      0.00      0.00      0.00      0.00    100.00
10:18:41 PM       0      0.00      0.00      0.00      0.00      0.00    100.00
10:18:42 PM       0      0.00      0.00      0.00      0.00      0.00    100.00
10:18:43 PM       0      0.00      0.00      0.00      0.00      0.00    100.00
10:18:44 PM       0      0.00      0.00      0.00      0.00      0.00    100.00
10:18:45 PM       0      0.00      0.00      0.00      0.00      0.00    100.00
10:18:46 PM       0      0.00      0.00      0.00      0.00      0.00    100.00
10:18:47 PM       0      0.00      0.00      0.00      0.00      0.00    100.00
10:18:48 PM       0      0.00      0.00      0.00      0.00      0.00    100.00
10:18:49 PM       0      0.00      0.00      0.00      0.00      0.00    100.00
10:18:50 PM       0      0.00      0.00      0.00      0.00      0.00    100.00
10:18:51 PM       0      0.00      0.00      0.00      0.00      0.00    100.00
10:18:52 PM       0      0.00      0.00      0.00      0.00      0.00    100.00
10:18:53 PM       0      0.00      0.00      0.00      0.00      0.00    100.00
10:18:54 PM       0      0.00      0.00      0.00      0.00      0.00    100.00
10:18:55 PM       0      0.00      0.00      0.00      0.00      0.00    100.00
10:18:56 PM       0      0.00      0.00      0.00      0.00      0.00    100.00
10:18:57 PM       0      0.00      0.00      0.00      0.00      0.00    100.00
10:18:58 PM       0      0.00      0.00      0.00      0.00      0.00    100.00
10:18:59 PM       0      0.00      0.00      0.00      0.00      0.00    100.00
10:19:00 PM       0      0.00      0.00      0.00      0.00      0.00    100.00
10:19:01 PM       0      0.00      0.00      0.00      0.00      0.00    100.00
10:19:02 PM       0      0.00      0.00      0.00      0.00      0.00    100.00
10:19:03 PM       0      0.00      0.00      0.00      0.00      0.00    100.00
10:19:04 PM       0      0.00      0.00      0.00      0.00      0.00    100.00
10:19:05 PM       0      0.00      0.00      0.00      0.00      0.00    100.00
10:19:06 PM       0      0.00      0.00      0.00      0.00      0.00    100.00
10:19:07 PM       0      0.00      0.00      0.00      0.00      0.00    100.00
10:19:08 PM       0      0.00      0.00      0.00      0.00      0.00    100.00
10:19:09 PM       0      0.00      0.00      0.00      0.00      0.00    100.00
10:19:10 PM       0      0.00      0.00      0.00      0.00      0.00    100.00
10:19:11 PM       0      0.00      0.00      0.00      0.00      0.00    100.00
10:19:12 PM       0      0.00      0.00      0.00      0.00      0.00    100.00
10:19:13 PM       0      0.00      0.00      0.00      0.00      0.00    100.00
10:19:14 PM       0      0.00      0.00      0.00      0.00      0.00    100.00
10:19:15 PM       0      0.00      0.00      0.00      0.00      0.00    100.00
10:19:16 PM       0      0.00      0.00      0.00      0.00      0.00    100.00
10:19:17 PM       0      0.00      0.00      0.00      0.00      0.00    100.00


10:19:17 PM       0      0.00      0.00      0.00      0.00      0.00    100.00
Average:          0     14.28      0.00     34.30      0.02      0.00     51.40
