Linux 3.10.0-514.el7.x86_64 (localhost.localdomain) 	04/06/2020 	_x86_64_	(48 CPU)

10:43:28 AM     CPU     %user     %nice   %system   %iowait    %steal     %idle
10:43:29 AM       0      0.00      0.00      0.00      0.00      0.00    100.00
10:43:30 AM       0      0.00      0.00      0.00      0.00      0.00    100.00
10:43:31 AM       0      0.00      0.00      0.00      0.00      0.00    100.00
10:43:32 AM       0      0.00      0.00      0.00      0.00      0.00    100.00
10:43:33 AM       0      0.00      0.00      0.00      0.00      0.00    100.00
10:43:34 AM       0      0.00      0.00      0.00      0.00      0.00    100.00
10:43:35 AM       0     83.00      0.00     11.00      0.00      0.00      6.00
10:43:36 AM       0     29.59      0.00     58.16      0.00      0.00     12.24
10:43:37 AM       0      8.42      0.00     86.32      0.00      0.00      5.26
10:43:38 AM       0      9.18      0.00     86.73      0.00      0.00      4.08
10:43:39 AM       0      7.22      0.00     89.69      0.00      0.00      3.09
10:43:40 AM       0      9.18      0.00     86.73      0.00      0.00      4.08
10:43:41 AM       0      8.33      0.00     88.54      0.00      0.00      3.12
10:43:42 AM       0      9.28      0.00     87.63      0.00      0.00      3.09
10:43:43 AM       0      9.09      0.00     87.88      0.00      0.00      3.03
10:43:44 AM       0      7.22      0.00     87.63      0.00      0.00      5.15
10:43:45 AM       0      9.18      0.00     87.76      0.00      0.00      3.06
10:43:46 AM       0     11.22      0.00     85.71      0.00      0.00      3.06
10:43:47 AM       0      9.18      0.00     84.69      0.00      0.00      6.12
10:43:48 AM       0      7.07      0.00     86.87      0.00      0.00      6.06
10:43:49 AM       0     10.31      0.00     83.51      0.00      0.00      6.19
10:43:50 AM       0      9.18      0.00     84.69      0.00      0.00      6.12
10:43:51 AM       0      9.38      0.00     84.38      0.00      0.00      6.25
10:43:52 AM       0      8.16      0.00     85.71      0.00      0.00      6.12
10:43:53 AM       0      7.07      0.00     85.86      0.00      0.00      7.07
10:43:54 AM       0      9.00      0.00     89.00      0.00      0.00      2.00
10:43:55 AM       0      9.09      0.00     87.88      0.00      0.00      3.03
10:43:56 AM       0      8.08      0.00     88.89      0.00      0.00      3.03
10:43:57 AM       0      7.22      0.00     89.69      0.00      0.00      3.09
10:43:58 AM       0      7.22      0.00     88.66      0.00      0.00      4.12
10:43:59 AM       0      8.16      0.00     88.78      0.00      0.00      3.06
10:44:00 AM       0      7.14      0.00     88.78      0.00      0.00      4.08
10:44:01 AM       0      7.29      0.00     89.58      0.00      0.00      3.12
10:44:02 AM       0      8.08      0.00     80.81      0.00      0.00     11.11
10:44:03 AM       0      8.16      0.00     87.76      0.00      0.00      4.08
10:44:04 AM       0      9.00      0.00     88.00      0.00      0.00      3.00
10:44:05 AM       0      9.00      0.00     89.00      0.00      0.00      2.00
10:44:06 AM       0      8.08      0.00     87.88      0.00      0.00      4.04
10:44:07 AM       0      9.28      0.00     87.63      0.00      0.00      3.09
10:44:08 AM       0      8.25      0.00     89.69      0.00      0.00      2.06
10:44:09 AM       0      8.00      0.00     89.00      0.00      0.00      3.00
10:44:10 AM       0     11.00      0.00     86.00      0.00      0.00      3.00
10:44:11 AM       0      9.90      0.00     87.13      0.00      0.00      2.97
10:44:12 AM       0      9.00      0.00     88.00      0.00      0.00      3.00
10:44:13 AM       0      9.00      0.00     88.00      0.00      0.00      3.00
10:44:14 AM       0      8.00      0.00     89.00      0.00      0.00      3.00
10:44:15 AM       0      7.00      0.00     90.00      0.00      0.00      3.00
10:44:16 AM       0      8.08      0.00     88.89      0.00      0.00      3.03
10:44:17 AM       0      8.91      0.00     87.13      0.00      0.00      3.96
10:44:18 AM       0      7.00      0.00     90.00      0.00      0.00      3.00
10:44:19 AM       0      7.00      0.00     90.00      0.00      0.00      3.00
10:44:20 AM       0     10.00      0.00     87.00      0.00      0.00      3.00
10:44:21 AM       0      8.08      0.00     89.90      0.00      0.00      2.02
10:44:22 AM       0      7.92      0.00     89.11      0.00      0.00      2.97
10:44:23 AM       0      9.09      0.00     88.89      0.00      0.00      2.02
10:44:24 AM       0      9.09      0.00     87.88      0.00      0.00      3.03
10:44:25 AM       0      7.92      0.00     88.12      0.00      0.00      3.96
10:44:26 AM       0      9.00      0.00     88.00      0.00      0.00      3.00
10:44:27 AM       0      8.08      0.00     88.89      0.00      0.00      3.03
10:44:28 AM       0      8.08      0.00     87.88      0.00      0.00      4.04
10:44:29 AM       0     10.89      0.00     86.14      0.00      0.00      2.97
10:44:30 AM       0      9.00      0.00     88.00      0.00      0.00      3.00
10:44:31 AM       0      9.09      0.00     88.89      0.00      0.00      2.02
10:44:32 AM       0      8.00      0.00     88.00      0.00      0.00      4.00
10:44:33 AM       0      7.07      0.00     89.90      0.00      0.00      3.03
10:44:34 AM       0      7.00      0.00     89.00      0.00      0.00      4.00
10:44:35 AM       0      6.12      0.00     90.82      0.00      0.00      3.06
10:44:36 AM       0      8.00      0.00     88.00      0.00      0.00      4.00
10:44:37 AM       0      7.07      0.00     89.90      0.00      0.00      3.03
10:44:38 AM       0      5.94      0.00     90.10      0.00      0.00      3.96
10:44:39 AM       0      7.00      0.00     89.00      0.00      0.00      4.00
10:44:40 AM       0      8.08      0.00     88.89      0.00      0.00      3.03
10:44:41 AM       0      8.91      0.00     87.13      0.00      0.00      3.96
10:44:42 AM       0     10.10      0.00     86.87      0.00      0.00      3.03
10:44:43 AM       0      7.07      0.00     88.89      0.00      0.00      4.04
10:44:44 AM       0      7.92      0.00     89.11      0.00      0.00      2.97
10:44:45 AM       0      6.93      0.00     89.11      0.00      0.00      3.96
10:44:46 AM       0      7.00      0.00     90.00      0.00      0.00      3.00
10:44:47 AM       0      8.08      0.00     88.89      0.00      0.00      3.03
10:44:48 AM       0      7.92      0.00     88.12      0.00      0.00      3.96
10:44:49 AM       0      7.92      0.00     88.12      0.00      0.00      3.96
10:44:50 AM       0      8.00      0.00     89.00      0.00      0.00      3.00
10:44:51 AM       0      9.00      0.00     88.00      0.00      0.00      3.00
10:44:52 AM       0      9.00      0.00     88.00      0.00      0.00      3.00
10:44:53 AM       0      9.00      0.00     88.00      0.00      0.00      3.00
10:44:54 AM       0      7.07      0.00     89.90      0.00      0.00      3.03
10:44:55 AM       0      7.84      0.00     89.22      0.00      0.00      2.94
10:44:56 AM       0      8.08      0.00     88.89      0.00      0.00      3.03
10:44:57 AM       0      7.07      0.00     89.90      0.00      0.00      3.03
10:44:58 AM       0      8.91      0.00     88.12      0.00      0.00      2.97
10:44:59 AM       0      9.90      0.00     87.13      0.00      0.00      2.97
10:45:00 AM       0      8.00      0.00     88.00      0.00      0.00      4.00
10:45:01 AM       0      9.00      0.00     89.00      0.00      0.00      2.00
10:45:02 AM       0      8.00      0.00     89.00      0.00      0.00      3.00
10:45:03 AM       0      9.00      0.00     88.00      0.00      0.00      3.00
10:45:04 AM       0      8.91      0.00     87.13      0.00      0.00      3.96
10:45:05 AM       0      8.00      0.00     88.00      0.00      0.00      4.00
10:45:06 AM       0      7.92      0.00     89.11      0.00      0.00      2.97
10:45:07 AM       0      8.08      0.00     88.89      0.00      0.00      3.03
10:45:08 AM       0      8.00      0.00     89.00      0.00      0.00      3.00
10:45:09 AM       0      8.00      0.00     88.00      0.00      0.00      4.00
10:45:10 AM       0      8.08      0.00     88.89      0.00      0.00      3.03
10:45:11 AM       0      9.90      0.00     86.14      0.00      0.00      3.96
10:45:12 AM       0      8.08      0.00     88.89      0.00      0.00      3.03
10:45:13 AM       0      8.00      0.00     89.00      0.00      0.00      3.00
10:45:14 AM       0      8.91      0.00     88.12      0.00      0.00      2.97
10:45:15 AM       0      8.00      0.00     89.00      0.00      0.00      3.00
10:45:16 AM       0      8.00      0.00     89.00      0.00      0.00      3.00
10:45:17 AM       0      8.16      0.00     88.78      0.00      0.00      3.06
10:45:18 AM       0      7.92      0.00     88.12      0.00      0.00      3.96
10:45:19 AM       0     10.10      0.00     86.87      0.00      0.00      3.03
10:45:20 AM       0      8.91      0.00     87.13      0.00      0.00      3.96
10:45:21 AM       0      9.09      0.00     86.87      0.00      0.00      4.04
10:45:22 AM       0      8.08      0.00     88.89      0.00      0.00      3.03
10:45:23 AM       0      8.08      0.00     88.89      0.00      0.00      3.03
10:45:24 AM       0      7.92      0.00     87.13      0.00      0.00      4.95
10:45:25 AM       0      9.00      0.00     86.00      0.00      0.00      5.00
10:45:26 AM       0      8.00      0.00     87.00      0.00      0.00      5.00
10:45:27 AM       0      9.09      0.00     86.87      0.00      0.00      4.04
10:45:28 AM       0      9.00      0.00     87.00      0.00      0.00      4.00
10:45:29 AM       0      8.00      0.00     88.00      0.00      0.00      4.00
10:45:30 AM       0      7.00      0.00     89.00      0.00      0.00      4.00
10:45:31 AM       0     10.10      0.00     84.85      0.00      0.00      5.05
10:45:32 AM       0      9.00      0.00     86.00      0.00      0.00      5.00
10:45:33 AM       0     10.00      0.00     85.00      0.00      0.00      5.00
10:45:34 AM       0      8.08      0.00     86.87      0.00      0.00      5.05
10:45:35 AM       0      9.09      0.00     85.86      0.00      0.00      5.05
10:45:36 AM       0      8.00      0.00     88.00      0.00      0.00      4.00
10:45:37 AM       0      8.08      0.00     87.88      0.00      0.00      4.04
10:45:38 AM       0      9.09      0.00     87.88      0.00      0.00      3.03
10:45:39 AM       0      8.08      0.00     88.89      0.00      0.00      3.03
10:45:40 AM       0     10.00      0.00     87.00      0.00      0.00      3.00
10:45:41 AM       0      7.14      0.00     89.80      0.00      0.00      3.06
10:45:42 AM       0      7.92      0.00     88.12      0.00      0.00      3.96
10:45:43 AM       0      9.18      0.00     87.76      0.00      0.00      3.06
10:45:44 AM       0      9.00      0.00     87.00      0.00      0.00      4.00
10:45:45 AM       0      9.09      0.00     87.88      0.00      0.00      3.03
10:45:46 AM       0      9.18      0.00     87.76      0.00      0.00      3.06
10:45:47 AM       0      9.09      0.00     86.87      0.00      0.00      4.04
10:45:48 AM       0      9.00      0.00     88.00      0.00      0.00      3.00
10:45:49 AM       0      9.09      0.00     87.88      0.00      0.00      3.03
10:45:50 AM       0      7.14      0.00     89.80      0.00      0.00      3.06
10:45:51 AM       0     11.88      0.00     84.16      0.00      0.00      3.96
10:45:52 AM       0      8.16      0.00     88.78      0.00      0.00      3.06
10:45:53 AM       0     10.20      0.00     86.73      0.00      0.00      3.06
10:45:54 AM       0     10.10      0.00     85.86      0.00      0.00      4.04
10:45:55 AM       0      9.18      0.00     87.76      0.00      0.00      3.06
10:45:56 AM       0     10.20      0.00     86.73      0.00      0.00      3.06
10:45:57 AM       0      8.16      0.00     87.76      0.00      0.00      4.08
10:45:58 AM       0      6.19      0.00     90.72      0.00      0.00      3.09
10:45:59 AM       0      9.09      0.00     86.87      0.00      0.00      4.04
10:46:00 AM       0      9.09      0.00     87.88      0.00      0.00      3.03
10:46:01 AM       0     10.31      0.00     86.60      0.00      0.00      3.09
10:46:02 AM       0      9.38      0.00     87.50      0.00      0.00      3.12
10:46:03 AM       0      7.14      0.00     89.80      0.00      0.00      3.06
10:46:04 AM       0     10.10      0.00     86.87      0.00      0.00      3.03
10:46:05 AM       0      7.14      0.00     89.80      0.00      0.00      3.06
10:46:06 AM       0      9.18      0.00     88.78      0.00      0.00      2.04
10:46:07 AM       0      8.08      0.00     88.89      0.00      0.00      3.03
10:46:08 AM       0     10.42      0.00     85.42      0.00      0.00      4.17
10:46:09 AM       0      7.37      0.00     88.42      0.00      0.00      4.21
10:46:10 AM       0      9.28      0.00     87.63      0.00      0.00      3.09
10:46:11 AM       0      7.22      0.00     89.69      0.00      0.00      3.09
10:46:12 AM       0      8.16      0.00     88.78      0.00      0.00      3.06
10:46:13 AM       0     10.20      0.00     86.73      0.00      0.00      3.06
10:46:14 AM       0      9.18      0.00     87.76      0.00      0.00      3.06
10:46:15 AM       0      8.16      0.00     88.78      0.00      0.00      3.06
10:46:16 AM       0      8.42      0.00     84.21      0.00      0.00      7.37
10:46:17 AM       0      8.33      0.00     83.33      0.00      0.00      8.33
10:46:18 AM       0      8.16      0.00     83.67      0.00      0.00      8.16
10:46:19 AM       0      8.16      0.00     82.65      0.00      0.00      9.18
10:46:20 AM       0      7.29      0.00     84.38      0.00      0.00      8.33
10:46:21 AM       0      6.19      0.00     85.57      0.00      0.00      8.25
10:46:22 AM       0      9.28      0.00     82.47      0.00      0.00      8.25
10:46:23 AM       0      7.37      0.00     84.21      0.00      0.00      8.42
10:46:24 AM       0      7.14      0.00     84.69      0.00      0.00      8.16
10:46:25 AM       0      8.42      0.00     84.21      0.00      0.00      7.37
10:46:26 AM       0      9.57      0.00     81.91      0.00      0.00      8.51
10:46:27 AM       0      9.47      0.00     82.11      0.00      0.00      8.42
10:46:28 AM       0      9.57      0.00     82.98      0.00      0.00      7.45
10:46:29 AM       0      8.33      0.00     83.33      0.00      0.00      8.33
10:46:30 AM       0      8.42      0.00     82.11      0.00      0.00      9.47
10:46:31 AM       0      7.37      0.00     84.21      0.00      0.00      8.42
10:46:32 AM       0      7.53      0.00     83.87      0.00      0.00      8.60
10:46:33 AM       0      8.51      0.00     82.98      0.00      0.00      8.51
10:46:34 AM       0      7.29      0.00     83.33      0.00      0.00      9.38
10:46:35 AM       0     10.42      0.00     81.25      0.00      0.00      8.33
10:46:36 AM       0      9.28      0.00     82.47      0.00      0.00      8.25
10:46:37 AM       0      9.38      0.00     83.33      0.00      0.00      7.29
10:46:38 AM       0      9.47      0.00     82.11      0.00      0.00      8.42
10:46:39 AM       0      8.42      0.00     83.16      0.00      0.00      8.42
10:46:40 AM       0      7.22      0.00     84.54      0.00      0.00      8.25
10:46:41 AM       0      9.38      0.00     82.29      0.00      0.00      8.33
10:46:42 AM       0     10.31      0.00     81.44      0.00      0.00      8.25
10:46:43 AM       0      8.42      0.00     84.21      0.00      0.00      7.37
10:46:44 AM       0      7.29      0.00     84.38      0.00      0.00      8.33
10:46:45 AM       0      9.18      0.00     82.65      0.00      0.00      8.16
10:46:46 AM       0      8.25      0.00     83.51      0.00      0.00      8.25
10:46:47 AM       0      9.38      0.00     82.29      0.00      0.00      8.33
10:46:48 AM       0      9.38      0.00     82.29      0.00      0.00      8.33
10:46:49 AM       0      9.38      0.00     82.29      0.00      0.00      8.33
10:46:50 AM       0      9.28      0.00     82.47      0.00      0.00      8.25
10:46:51 AM       0      7.37      0.00     84.21      0.00      0.00      8.42
10:46:52 AM       0      8.33      0.00     83.33      0.00      0.00      8.33
10:46:53 AM       0      8.42      0.00     83.16      0.00      0.00      8.42
10:46:54 AM       0      9.38      0.00     82.29      0.00      0.00      8.33
10:46:55 AM       0      7.14      0.00     84.69      0.00      0.00      8.16
10:46:56 AM       0      7.37      0.00     84.21      0.00      0.00      8.42
10:46:57 AM       0      8.60      0.00     83.87      0.00      0.00      7.53
10:46:58 AM       0      8.33      0.00     83.33      0.00      0.00      8.33
10:46:59 AM       0      8.42      0.00     83.16      0.00      0.00      8.42
10:47:00 AM       0      9.47      0.00     83.16      0.00      0.00      7.37
10:47:01 AM       0      7.14      0.00     84.69      0.00      0.00      8.16
10:47:02 AM       0      8.42      0.00     84.21      0.00      0.00      7.37
10:47:03 AM       0      8.33      0.00     83.33      0.00      0.00      8.33
10:47:04 AM       0      8.42      0.00     84.21      0.00      0.00      7.37
10:47:05 AM       0      9.47      0.00     83.16      0.00      0.00      7.37
10:47:06 AM       0      9.38      0.00     82.29      0.00      0.00      8.33
10:47:07 AM       0      7.29      0.00     85.42      0.00      0.00      7.29
10:47:08 AM       0      8.42      0.00     84.21      0.00      0.00      7.37
10:47:09 AM       0      8.42      0.00     84.21      0.00      0.00      7.37
10:47:10 AM       0      9.38      0.00     82.29      0.00      0.00      8.33
10:47:11 AM       0      9.57      0.00     82.98      0.00      0.00      7.45
10:47:12 AM       0      8.60      0.00     82.80      0.00      0.00      8.60
10:47:13 AM       0      8.25      0.00     83.51      0.00      0.00      8.25
10:47:14 AM       0     11.22      0.00     80.61      0.00      0.00      8.16
10:47:15 AM       0      8.08      0.00     83.84      0.00      0.00      8.08
10:47:16 AM       0      9.09      0.00     82.83      0.00      0.00      8.08
10:47:17 AM       0      8.16      0.00     83.67      0.00      0.00      8.16
10:47:18 AM       0      8.08      0.00     84.85      0.00      0.00      7.07
10:47:19 AM       0      8.08      0.00     83.84      0.00      0.00      8.08
10:47:20 AM       0      9.18      0.00     82.65      0.00      0.00      8.16
10:47:21 AM       0      9.18      0.00     82.65      0.00      0.00      8.16
10:47:22 AM       0     16.00      0.00     82.00      0.00      0.00      2.00
10:47:23 AM       0     17.00      0.00     81.00      0.00      0.00      2.00
10:47:24 AM       0     21.00      0.00     77.00      0.00      0.00      2.00
10:47:25 AM       0     19.19      0.00     79.80      0.00      0.00      1.01
10:47:26 AM       0     23.00      0.00     76.00      0.00      0.00      1.00
10:47:27 AM       0     25.00      0.00     75.00      0.00      0.00      0.00
10:47:28 AM       0     26.00      0.00     73.00      0.00      0.00      1.00
10:47:29 AM       0     28.00      0.00     72.00      0.00      0.00      0.00
10:47:30 AM       0     29.00      0.00     71.00      0.00      0.00      0.00
10:47:31 AM       0     28.00      0.00     72.00      0.00      0.00      0.00
10:47:32 AM       0     31.00      0.00     69.00      0.00      0.00      0.00
10:47:33 AM       0     29.00      0.00     71.00      0.00      0.00      0.00
10:47:34 AM       0     32.00      0.00     68.00      0.00      0.00      0.00
10:47:35 AM       0     29.00      0.00     71.00      0.00      0.00      0.00
10:47:36 AM       0     32.00      0.00     68.00      0.00      0.00      0.00
10:47:37 AM       0     29.00      0.00     71.00      0.00      0.00      0.00
10:47:38 AM       0     29.00      0.00     71.00      0.00      0.00      0.00
10:47:39 AM       0     31.00      0.00     69.00      0.00      0.00      0.00
10:47:40 AM       0     30.00      0.00     70.00      0.00      0.00      0.00
10:47:41 AM       0     29.00      0.00     71.00      0.00      0.00      0.00
10:47:42 AM       0     29.00      0.00     71.00      0.00      0.00      0.00
10:47:43 AM       0     30.00      0.00     70.00      0.00      0.00      0.00
10:47:44 AM       0     28.00      0.00     72.00      0.00      0.00      0.00
10:47:45 AM       0     31.00      0.00     69.00      0.00      0.00      0.00
10:47:46 AM       0     32.00      0.00     68.00      0.00      0.00      0.00
10:47:47 AM       0     30.00      0.00     70.00      0.00      0.00      0.00
10:47:48 AM       0     27.00      0.00     73.00      0.00      0.00      0.00
10:47:49 AM       0     27.27      0.00     72.73      0.00      0.00      0.00
10:47:50 AM       0     31.68      0.00     68.32      0.00      0.00      0.00
10:47:51 AM       0     27.00      0.00     73.00      0.00      0.00      0.00
10:47:52 AM       0     29.00      0.00     71.00      0.00      0.00      0.00
10:47:53 AM       0     27.00      0.00     73.00      0.00      0.00      0.00
10:47:54 AM       0     31.00      0.00     69.00      0.00      0.00      0.00
10:47:55 AM       0     34.00      0.00     66.00      0.00      0.00      0.00
10:47:56 AM       0     31.00      0.00     69.00      0.00      0.00      0.00
10:47:57 AM       0     29.00      0.00     71.00      0.00      0.00      0.00
10:47:58 AM       0     29.00      0.00     71.00      0.00      0.00      0.00
10:47:59 AM       0     29.00      0.00     71.00      0.00      0.00      0.00
10:48:00 AM       0     31.00      0.00     69.00      0.00      0.00      0.00
10:48:01 AM       0     32.00      0.00     68.00      0.00      0.00      0.00
10:48:02 AM       0     28.28      0.00     71.72      0.00      0.00      0.00
10:48:03 AM       0     30.69      0.00     69.31      0.00      0.00      0.00
10:48:04 AM       0     29.00      0.00     71.00      0.00      0.00      0.00
10:48:05 AM       0     28.00      0.00     72.00      0.00      0.00      0.00
10:48:06 AM       0     29.00      0.00     71.00      0.00      0.00      0.00
10:48:07 AM       0     32.00      0.00     68.00      0.00      0.00      0.00
10:48:08 AM       0     29.00      0.00     71.00      0.00      0.00      0.00
10:48:09 AM       0     30.00      0.00     70.00      0.00      0.00      0.00
10:48:10 AM       0     29.00      0.00     71.00      0.00      0.00      0.00
10:48:11 AM       0     29.00      0.00     71.00      0.00      0.00      0.00
10:48:12 AM       0     31.00      0.00     69.00      0.00      0.00      0.00
10:48:13 AM       0     28.00      0.00     72.00      0.00      0.00      0.00
10:48:14 AM       0     32.00      0.00     68.00      0.00      0.00      0.00
10:48:15 AM       0     30.00      0.00     70.00      0.00      0.00      0.00
10:48:16 AM       0     31.00      0.00     69.00      0.00      0.00      0.00
10:48:17 AM       0     28.00      0.00     72.00      0.00      0.00      0.00
10:48:18 AM       0     29.29      0.00     70.71      0.00      0.00      0.00
10:48:19 AM       0     25.74      0.00     74.26      0.00      0.00      0.00
10:48:20 AM       0     31.00      0.00     69.00      0.00      0.00      0.00
10:48:21 AM       0     30.30      0.00     69.70      0.00      0.00      0.00
10:48:22 AM       0     29.70      0.00     70.30      0.00      0.00      0.00
10:48:23 AM       0     28.00      0.00     72.00      0.00      0.00      0.00
10:48:24 AM       0     30.00      0.00     70.00      0.00      0.00      0.00
10:48:25 AM       0     29.29      0.00     70.71      0.00      0.00      0.00
10:48:26 AM       0     28.00      0.00     72.00      0.00      0.00      0.00
10:48:27 AM       0     32.67      0.00     67.33      0.00      0.00      0.00
10:48:28 AM       0     29.00      0.00     71.00      0.00      0.00      0.00
10:48:29 AM       0     28.28      0.00     71.72      0.00      0.00      0.00
10:48:30 AM       0     29.70      0.00     70.30      0.00      0.00      0.00
10:48:31 AM       0     29.00      0.00     71.00      0.00      0.00      0.00
10:48:32 AM       0     29.29      0.00     70.71      0.00      0.00      0.00
10:48:33 AM       0     29.00      0.00     71.00      0.00      0.00      0.00
10:48:34 AM       0     30.00      0.00     70.00      0.00      0.00      0.00
10:48:35 AM       0     27.72      0.00     72.28      0.00      0.00      0.00
10:48:36 AM       0     28.00      0.00     72.00      0.00      0.00      0.00
10:48:37 AM       0     29.00      0.00     70.00      0.00      0.00      1.00
10:48:38 AM       0     30.00      0.00     70.00      0.00      0.00      0.00
10:48:39 AM       0     31.00      0.00     69.00      0.00      0.00      0.00
10:48:40 AM       0     28.00      0.00     72.00      0.00      0.00      0.00
10:48:41 AM       0     30.00      0.00     70.00      0.00      0.00      0.00
10:48:42 AM       0     28.00      0.00     72.00      0.00      0.00      0.00
10:48:43 AM       0     30.00      0.00     70.00      0.00      0.00      0.00
10:48:44 AM       0     30.00      0.00     70.00      0.00      0.00      0.00
10:48:45 AM       0     29.00      0.00     71.00      0.00      0.00      0.00
10:48:46 AM       0     31.00      0.00     69.00      0.00      0.00      0.00
10:48:47 AM       0     27.00      0.00     73.00      0.00      0.00      0.00
10:48:48 AM       0     29.00      0.00     71.00      0.00      0.00      0.00
10:48:49 AM       0     32.00      0.00     68.00      0.00      0.00      0.00
10:48:50 AM       0     30.00      0.00     70.00      0.00      0.00      0.00
10:48:51 AM       0     32.00      0.00     68.00      0.00      0.00      0.00
10:48:52 AM       0     33.00      0.00     67.00      0.00      0.00      0.00
10:48:53 AM       0     29.00      0.00     71.00      0.00      0.00      0.00
10:48:54 AM       0     31.00      0.00     69.00      0.00      0.00      0.00
10:48:55 AM       0     30.00      0.00     70.00      0.00      0.00      0.00
10:48:56 AM       0     30.00      0.00     70.00      0.00      0.00      0.00
10:48:57 AM       0     31.00      0.00     69.00      0.00      0.00      0.00
10:48:58 AM       0     33.00      0.00     67.00      0.00      0.00      0.00
10:48:59 AM       0     33.00      0.00     67.00      0.00      0.00      0.00
10:49:00 AM       0     29.00      0.00     71.00      0.00      0.00      0.00
10:49:01 AM       0     29.00      0.00     71.00      0.00      0.00      0.00
10:49:02 AM       0     28.00      0.00     72.00      0.00      0.00      0.00
10:49:03 AM       0     29.00      0.00     71.00      0.00      0.00      0.00
10:49:04 AM       0     30.00      0.00     70.00      0.00      0.00      0.00
10:49:05 AM       0     30.30      0.00     69.70      0.00      0.00      0.00
10:49:06 AM       0     30.69      0.00     69.31      0.00      0.00      0.00
10:49:07 AM       0     32.00      0.00     68.00      0.00      0.00      0.00
10:49:08 AM       0     30.00      0.00     70.00      0.00      0.00      0.00
10:49:09 AM       0     32.32      0.00     67.68      0.00      0.00      0.00
10:49:10 AM       0     32.00      0.00     68.00      0.00      0.00      0.00
10:49:11 AM       0     30.69      0.00     69.31      0.00      0.00      0.00
10:49:12 AM       0     30.30      0.00     69.70      0.00      0.00      0.00
10:49:13 AM       0     30.00      0.00     70.00      0.00      0.00      0.00
10:49:14 AM       0     31.00      0.00     69.00      0.00      0.00      0.00
10:49:15 AM       0     27.72      0.00     72.28      0.00      0.00      0.00
10:49:16 AM       0     30.30      0.00     69.70      0.00      0.00      0.00
10:49:17 AM       0     30.69      0.00     69.31      0.00      0.00      0.00
10:49:18 AM       0     29.29      0.00     70.71      0.00      0.00      0.00
10:49:19 AM       0     31.68      0.00     68.32      0.00      0.00      0.00
10:49:20 AM       0     31.31      0.00     68.69      0.00      0.00      0.00
10:49:21 AM       0     31.00      0.00     69.00      0.00      0.00      0.00
10:49:22 AM       0     29.70      0.00     70.30      0.00      0.00      0.00
10:49:23 AM       0     31.00      0.00     69.00      0.00      0.00      0.00
10:49:24 AM       0     29.00      0.00     71.00      0.00      0.00      0.00
10:49:25 AM       0     30.00      0.00     70.00      0.00      0.00      0.00
10:49:26 AM       0     29.00      0.00     71.00      0.00      0.00      0.00
10:49:27 AM       0     30.00      0.00     70.00      0.00      0.00      0.00
10:49:28 AM       0     29.29      0.00     70.71      0.00      0.00      0.00
10:49:29 AM       0     29.70      0.00     70.30      0.00      0.00      0.00
10:49:30 AM       0     31.00      0.00     69.00      0.00      0.00      0.00
10:49:31 AM       0     29.00      0.00     71.00      0.00      0.00      0.00
10:49:32 AM       0     29.29      0.00     70.71      0.00      0.00      0.00
10:49:33 AM       0     30.00      0.00     70.00      0.00      0.00      0.00
10:49:34 AM       0     29.00      0.00     71.00      0.00      0.00      0.00
10:49:35 AM       0     30.69      0.00     69.31      0.00      0.00      0.00
10:49:36 AM       0     31.00      0.00     69.00      0.00      0.00      0.00
10:49:37 AM       0     28.00      0.00     72.00      0.00      0.00      0.00
10:49:38 AM       0     30.00      0.00     70.00      0.00      0.00      0.00
10:49:39 AM       0     31.00      0.00     69.00      0.00      0.00      0.00
10:49:40 AM       0     29.00      0.00     71.00      0.00      0.00      0.00
10:49:41 AM       0     30.00      0.00     70.00      0.00      0.00      0.00
10:49:42 AM       0     28.00      0.00     72.00      0.00      0.00      0.00
10:49:43 AM       0     27.00      0.00     73.00      0.00      0.00      0.00
10:49:44 AM       0     30.00      0.00     70.00      0.00      0.00      0.00
10:49:45 AM       0     31.00      0.00     69.00      0.00      0.00      0.00
10:49:46 AM       0     30.00      0.00     70.00      0.00      0.00      0.00
10:49:47 AM       0     30.00      0.00     70.00      0.00      0.00      0.00
10:49:48 AM       0     32.00      0.00     68.00      0.00      0.00      0.00
10:49:49 AM       0     31.00      0.00     69.00      0.00      0.00      0.00
10:49:50 AM       0     29.00      0.00     71.00      0.00      0.00      0.00
10:49:51 AM       0     32.00      0.00     68.00      0.00      0.00      0.00
10:49:52 AM       0     32.00      0.00     68.00      0.00      0.00      0.00
10:49:53 AM       0     30.30      0.00     69.70      0.00      0.00      0.00
10:49:54 AM       0     31.68      0.00     68.32      0.00      0.00      0.00
10:49:55 AM       0     32.00      0.00     68.00      0.00      0.00      0.00
10:49:56 AM       0     30.00      0.00     70.00      0.00      0.00      0.00
10:49:57 AM       0     30.00      0.00     70.00      0.00      0.00      0.00
10:49:58 AM       0     30.00      0.00     70.00      0.00      0.00      0.00
10:49:59 AM       0     30.30      0.00     69.70      0.00      0.00      0.00
10:50:00 AM       0     29.00      0.00     71.00      0.00      0.00      0.00
10:50:01 AM       0     29.00      0.00     71.00      0.00      0.00      0.00
10:50:02 AM       0     28.71      0.00     71.29      0.00      0.00      0.00
10:50:03 AM       0     31.00      0.00     69.00      0.00      0.00      0.00
10:50:04 AM       0     27.27      0.00     72.73      0.00      0.00      0.00
10:50:05 AM       0     27.72      0.00     72.28      0.00      0.00      0.00
10:50:06 AM       0     29.00      0.00     71.00      0.00      0.00      0.00
10:50:07 AM       0     30.30      0.00     69.70      0.00      0.00      0.00
10:50:08 AM       0     32.00      0.00     68.00      0.00      0.00      0.00
10:50:09 AM       0     30.00      0.00     70.00      0.00      0.00      0.00
10:50:10 AM       0     31.68      0.00     68.32      0.00      0.00      0.00
10:50:11 AM       0     28.28      0.00     71.72      0.00      0.00      0.00
10:50:12 AM       0     28.00      0.00     72.00      0.00      0.00      0.00
10:50:13 AM       0     28.71      0.00     71.29      0.00      0.00      0.00
10:50:14 AM       0     32.32      0.00     67.68      0.00      0.00      0.00
10:50:15 AM       0     29.00      0.00     71.00      0.00      0.00      0.00
10:50:16 AM       0     29.00      0.00     71.00      0.00      0.00      0.00
10:50:17 AM       0     31.00      0.00     69.00      0.00      0.00      0.00
10:50:18 AM       0     30.00      0.00     70.00      0.00      0.00      0.00
10:50:19 AM       0     30.69      0.00     69.31      0.00      0.00      0.00
10:50:20 AM       0     32.00      0.00     68.00      0.00      0.00      0.00
10:50:21 AM       0     29.00      0.00     71.00      0.00      0.00      0.00
10:50:22 AM       0     34.00      0.00     66.00      0.00      0.00      0.00
10:50:23 AM       0     33.00      0.00     67.00      0.00      0.00      0.00
10:50:24 AM       0     31.00      0.00     69.00      0.00      0.00      0.00
10:50:25 AM       0     29.00      0.00     70.00      0.00      0.00      1.00
10:50:26 AM       0     29.70      0.00     70.30      0.00      0.00      0.00
10:50:27 AM       0     31.00      0.00     69.00      0.00      0.00      0.00
10:50:28 AM       0     33.00      0.00     67.00      0.00      0.00      0.00
10:50:29 AM       0     30.00      0.00     70.00      0.00      0.00      0.00
10:50:30 AM       0     29.00      0.00     71.00      0.00      0.00      0.00
10:50:31 AM       0     32.00      0.00     68.00      0.00      0.00      0.00
10:50:32 AM       0     31.00      0.00     69.00      0.00      0.00      0.00
10:50:33 AM       0     31.00      0.00     69.00      0.00      0.00      0.00
10:50:34 AM       0     28.28      0.00     71.72      0.00      0.00      0.00
10:50:35 AM       0     30.00      0.00     70.00      0.00      0.00      0.00
10:50:36 AM       0     27.72      0.00     72.28      0.00      0.00      0.00
10:50:37 AM       0     31.00      0.00     69.00      0.00      0.00      0.00
10:50:38 AM       0     29.29      0.00     70.71      0.00      0.00      0.00
10:50:39 AM       0     27.72      0.00     72.28      0.00      0.00      0.00
10:50:40 AM       0     30.00      0.00     70.00      0.00      0.00      0.00
10:50:41 AM       0     32.00      0.00     68.00      0.00      0.00      0.00
10:50:42 AM       0     30.00      0.00     70.00      0.00      0.00      0.00
10:50:43 AM       0     30.00      0.00     70.00      0.00      0.00      0.00
10:50:44 AM       0     31.00      0.00     69.00      0.00      0.00      0.00
10:50:45 AM       0     29.00      0.00     71.00      0.00      0.00      0.00
10:50:46 AM       0     33.00      0.00     67.00      0.00      0.00      0.00
10:50:47 AM       0     31.00      0.00     69.00      0.00      0.00      0.00
10:50:48 AM       0     30.00      0.00     70.00      0.00      0.00      0.00
10:50:49 AM       0     31.00      0.00     69.00      0.00      0.00      0.00
10:50:50 AM       0     31.31      0.00     68.69      0.00      0.00      0.00
10:50:51 AM       0     31.68      0.00     68.32      0.00      0.00      0.00
10:50:52 AM       0     28.00      0.00     72.00      0.00      0.00      0.00
10:50:53 AM       0     32.32      0.00     67.68      0.00      0.00      0.00
10:50:54 AM       0     29.70      0.00     70.30      0.00      0.00      0.00
10:50:55 AM       0     31.00      0.00     69.00      0.00      0.00      0.00
10:50:56 AM       0     30.00      0.00     70.00      0.00      0.00      0.00
10:50:57 AM       0     29.00      0.00     71.00      0.00      0.00      0.00
10:50:58 AM       0     32.32      0.00     67.68      0.00      0.00      0.00
10:50:59 AM       0     30.69      0.00     69.31      0.00      0.00      0.00
10:51:00 AM       0     30.00      0.00     70.00      0.00      0.00      0.00
10:51:01 AM       0     27.00      0.00     73.00      0.00      0.00      0.00
10:51:02 AM       0     29.29      0.00     70.71      0.00      0.00      0.00
10:51:03 AM       0     30.69      0.00     69.31      0.00      0.00      0.00
10:51:04 AM       0     27.00      0.00     73.00      0.00      0.00      0.00
10:51:05 AM       0     31.00      0.00     69.00      0.00      0.00      0.00
10:51:06 AM       0     29.00      0.00     71.00      0.00      0.00      0.00
10:51:07 AM       0     31.00      0.00     69.00      0.00      0.00      0.00
10:51:08 AM       0     31.31      0.00     68.69      0.00      0.00      0.00
10:51:09 AM       0     33.66      0.00     66.34      0.00      0.00      0.00
10:51:10 AM       0     28.00      0.00     72.00      0.00      0.00      0.00
10:51:11 AM       0     32.00      0.00     68.00      0.00      0.00      0.00
10:51:12 AM       0     30.00      0.00     70.00      0.00      0.00      0.00
10:51:13 AM       0     31.00      0.00     69.00      0.00      0.00      0.00
10:51:14 AM       0     29.00      0.00     71.00      0.00      0.00      0.00
10:51:15 AM       0     31.00      0.00     69.00      0.00      0.00      0.00
10:51:16 AM       0     31.31      0.00     68.69      0.00      0.00      0.00
10:51:17 AM       0     32.67      0.00     67.33      0.00      0.00      0.00
10:51:18 AM       0     33.00      0.00     67.00      0.00      0.00      0.00
10:51:19 AM       0     31.00      0.00     69.00      0.00      0.00      0.00
10:51:20 AM       0     31.31      0.00     68.69      0.00      0.00      0.00
10:51:21 AM       0     29.70      0.00     70.30      0.00      0.00      0.00
10:51:22 AM       0     30.30      0.00     69.70      0.00      0.00      0.00
10:51:23 AM       0     32.00      0.00     68.00      0.00      0.00      0.00
10:51:24 AM       0     32.00      0.00     68.00      0.00      0.00      0.00
10:51:25 AM       0     30.69      0.00     69.31      0.00      0.00      0.00
10:51:26 AM       0     31.00      0.00     69.00      0.00      0.00      0.00
10:51:27 AM       0     33.00      0.00     67.00      0.00      0.00      0.00
10:51:28 AM       0     31.00      0.00     69.00      0.00      0.00      0.00
10:51:29 AM       0     28.28      0.00     71.72      0.00      0.00      0.00
10:51:30 AM       0     28.00      0.00     72.00      0.00      0.00      0.00
10:51:31 AM       0     32.67      0.00     67.33      0.00      0.00      0.00
10:51:32 AM       0     30.30      0.00     69.70      0.00      0.00      0.00
10:51:33 AM       0     30.69      0.00     69.31      0.00      0.00      0.00
10:51:34 AM       0     31.00      0.00     69.00      0.00      0.00      0.00
10:51:35 AM       0     29.29      0.00     70.71      0.00      0.00      0.00
10:51:36 AM       0     32.00      0.00     68.00      0.00      0.00      0.00
10:51:37 AM       0     30.00      0.00     70.00      0.00      0.00      0.00
10:51:38 AM       0     29.00      0.00     71.00      0.00      0.00      0.00
10:51:39 AM       0     28.00      0.00     72.00      0.00      0.00      0.00
10:51:40 AM       0     31.68      0.00     68.32      0.00      0.00      0.00
10:51:41 AM       0     36.36      0.00     63.64      0.00      0.00      0.00
10:51:42 AM       0     28.00      0.00     72.00      0.00      0.00      0.00
10:51:43 AM       0     31.00      0.00     69.00      0.00      0.00      0.00
10:51:44 AM       0     29.00      0.00     71.00      0.00      0.00      0.00
10:51:45 AM       0     29.70      0.00     70.30      0.00      0.00      0.00
10:51:46 AM       0     29.00      0.00     71.00      0.00      0.00      0.00
10:51:47 AM       0     30.30      0.00     69.70      0.00      0.00      0.00
10:51:48 AM       0     30.00      0.00     70.00      0.00      0.00      0.00
10:51:49 AM       0     30.00      0.00     70.00      0.00      0.00      0.00
10:51:50 AM       0     30.00      0.00     70.00      0.00      0.00      0.00
10:51:51 AM       0     28.00      0.00     72.00      0.00      0.00      0.00
10:51:52 AM       0     32.00      0.00     68.00      0.00      0.00      0.00
10:51:53 AM       0     28.00      0.00     72.00      0.00      0.00      0.00
10:51:54 AM       0     29.00      0.00     71.00      0.00      0.00      0.00
10:51:55 AM       0     30.00      0.00     70.00      0.00      0.00      0.00
10:51:56 AM       0     32.00      0.00     68.00      0.00      0.00      0.00
10:51:57 AM       0     31.00      0.00     69.00      0.00      0.00      0.00
10:51:58 AM       0     29.29      0.00     70.71      0.00      0.00      0.00
10:51:59 AM       0     23.23      0.00     58.59      0.00      0.00     18.18
10:52:00 AM       0      0.00      0.00      0.00      0.00      0.00    100.00
10:52:01 AM       0      0.00      0.00      0.00      0.00      0.00    100.00
10:52:02 AM       0      0.00      0.00      0.00      0.00      0.00    100.00
10:52:03 AM       0      0.00      0.00      0.00      0.00      0.00    100.00
10:52:04 AM       0      0.00      0.00      0.00      0.00      0.00    100.00
10:52:05 AM       0      0.00      0.00      0.00      0.00      0.00    100.00
10:52:06 AM       0      0.00      0.00      0.00      0.00      0.00    100.00
10:52:07 AM       0      0.00      0.00      0.00      0.00      0.00    100.00
10:52:08 AM       0      0.00      0.00      0.00      0.00      0.00    100.00
10:52:09 AM       0      0.00      0.00      0.00      0.00      0.00    100.00
10:52:10 AM       0      0.00      0.00      0.00      0.00      0.00    100.00
10:52:11 AM       0      0.00      0.00      0.00      0.00      0.00    100.00
10:52:12 AM       0      0.00      0.00      0.00      0.00      0.00    100.00
10:52:13 AM       0      0.00      0.00      0.00      0.00      0.00    100.00
10:52:14 AM       0      0.00      0.00      0.00      0.00      0.00    100.00
10:52:15 AM       0      0.00      0.00      0.00      0.00      0.00    100.00
10:52:16 AM       0      0.00      0.00      0.00      0.00      0.00    100.00
10:52:17 AM       0      0.00      0.00      0.00      0.00      0.00    100.00
10:52:18 AM       0      0.00      0.00      0.00      0.00      0.00    100.00
10:52:19 AM       0      0.00      0.00      0.00      0.00      0.00    100.00
10:52:20 AM       0      0.00      0.00      0.00      0.00      0.00    100.00
10:52:21 AM       0      0.00      0.00      0.00      0.00      0.00    100.00
10:52:22 AM       0      0.00      0.00      0.00      0.00      0.00    100.00
10:52:23 AM       0      0.00      0.00      0.00      0.00      0.00    100.00
10:52:24 AM       0      0.00      0.00      0.00      0.00      0.00    100.00
10:52:25 AM       0      0.00      0.00      0.00      0.00      0.00    100.00
10:52:26 AM       0      0.00      0.00      0.00      0.00      0.00    100.00
10:52:27 AM       0      0.00      0.00      0.00      0.00      0.00    100.00
10:52:28 AM       0      0.00      0.00      0.00      0.00      0.00    100.00
10:52:29 AM       0      0.00      0.00      0.00      0.00      0.00    100.00
10:52:30 AM       0      0.00      0.00      0.00      0.00      0.00    100.00
10:52:31 AM       0      0.00      0.00      0.00      0.00      0.00    100.00
10:52:32 AM       0      0.00      0.00      0.00      0.00      0.00    100.00
10:52:33 AM       0      0.00      0.00      0.00      0.00      0.00    100.00
10:52:34 AM       0      0.00      0.00      0.00      0.00      0.00    100.00
10:52:35 AM       0      0.00      0.00      0.00      0.00      0.00    100.00
10:52:36 AM       0      0.00      0.00      0.00      0.00      0.00    100.00
10:52:37 AM       0      0.00      0.00      0.00      0.00      0.00    100.00
10:52:38 AM       0      0.00      0.00      0.00      0.00      0.00    100.00
10:52:39 AM       0      0.00      0.00      0.00      0.00      0.00    100.00
10:52:40 AM       0      0.00      0.00      0.00      0.00      0.00    100.00
10:52:41 AM       0      0.00      0.00      0.00      0.00      0.00    100.00
10:52:42 AM       0      0.00      0.00      0.00      0.00      0.00    100.00
10:52:43 AM       0      0.00      0.00      0.00      0.00      0.00    100.00
10:52:44 AM       0      0.00      0.00      0.00      0.00      0.00    100.00
10:52:45 AM       0      0.00      0.00      0.00      0.00      0.00    100.00
10:52:46 AM       0      0.00      0.00      0.00      0.00      0.00    100.00
10:52:47 AM       0      0.00      0.00      0.00      0.00      0.00    100.00
10:52:48 AM       0      0.00      0.00      0.00      0.00      0.00    100.00
10:52:49 AM       0      0.00      0.00      0.00      0.00      0.00    100.00
10:52:50 AM       0      0.00      0.00      0.00      0.00      0.00    100.00
10:52:51 AM       0      0.00      0.00      0.00      0.00      0.00    100.00
10:52:52 AM       0      0.00      0.00      0.00      0.00      0.00    100.00
10:52:53 AM       0      0.00      0.00      0.00      0.00      0.00    100.00
10:52:54 AM       0      0.00      0.00      0.00      0.00      0.00    100.00
10:52:55 AM       0      0.00      0.00      0.00      0.00      0.00    100.00
10:52:56 AM       0      0.00      0.00      0.00      0.00      0.00    100.00


10:52:56 AM       0      0.00      0.00      0.00      0.00      0.00    100.00
Average:          0     18.22      0.00     68.54      0.00      0.00     13.24
