Linux 3.10.0-514.el7.x86_64 (localhost.localdomain) 	02/24/2020 	_x86_64_	(48 CPU)

02:25:57 AM     CPU     %user     %nice   %system   %iowait    %steal     %idle
02:25:58 AM     all      0.02      0.00      0.04      0.00      0.00     99.94
02:25:58 AM       0      0.00      0.00      0.00      0.00      0.00    100.00
02:25:58 AM       1      0.00      0.00      0.00      0.00      0.00    100.00
02:25:58 AM       2      0.00      0.00      0.00      0.00      0.00    100.00
02:25:58 AM       3      0.00      0.00      0.00      0.00      0.00    100.00
02:25:58 AM       4      0.00      0.00      0.00      0.00      0.00    100.00
02:25:58 AM       5      0.00      0.00      0.00      0.00      0.00    100.00
02:25:58 AM       6      0.00      0.00      0.00      0.00      0.00    100.00
02:25:58 AM       7      0.00      0.00      0.00      0.00      0.00    100.00
02:25:58 AM       8      0.00      0.00      0.00      0.00      0.00    100.00
02:25:58 AM       9      0.00      0.00      0.00      0.00      0.00    100.00
02:25:58 AM      10      0.00      0.00      0.00      0.00      0.00    100.00
02:25:58 AM      11      0.00      0.00      0.00      0.00      0.00    100.00
02:25:58 AM      12      0.00      0.00      0.00      0.00      0.00    100.00
02:25:58 AM      13      0.00      0.00      0.00      0.00      0.00    100.00
02:25:58 AM      14      0.00      0.00      0.00      0.00      0.00    100.00
02:25:58 AM      15      0.00      0.00      0.00      0.00      0.00    100.00
02:25:58 AM      16      0.00      0.00      0.00      0.00      0.00    100.00
02:25:58 AM      17      0.00      0.00      0.00      0.00      0.00    100.00
02:25:58 AM      18      0.00      0.00      0.00      0.00      0.00    100.00
02:25:58 AM      19      0.00      0.00      0.00      0.00      0.00    100.00
02:25:58 AM      20      0.00      0.00      0.00      0.00      0.00    100.00
02:25:58 AM      21      0.00      0.00      0.00      0.00      0.00    100.00
02:25:58 AM      22      0.00      0.00      0.00      0.00      0.00    100.00
02:25:58 AM      23      0.00      0.00      0.00      0.00      0.00    100.00
02:25:58 AM      24      0.00      0.00      0.00      0.00      0.00    100.00
02:25:58 AM      25      0.00      0.00      0.00      0.00      0.00    100.00
02:25:58 AM      26      0.00      0.00      0.00      0.00      0.00    100.00
02:25:58 AM      27      0.00      0.00      0.00      0.00      0.00    100.00
02:25:58 AM      28      0.00      0.00      0.00      0.00      0.00    100.00
02:25:58 AM      29      0.00      0.00      0.00      0.00      0.00    100.00
02:25:58 AM      30      0.00      0.00      0.00      0.00      0.00    100.00
02:25:58 AM      31      0.00      0.00      0.00      0.00      0.00    100.00
02:25:58 AM      32      0.00      0.00      0.00      0.00      0.00    100.00
02:25:58 AM      33      0.00      0.00      0.00      0.00      0.00    100.00
02:25:58 AM      34      0.00      0.00      0.00      0.00      0.00    100.00
02:25:58 AM      35      0.00      0.00      0.00      0.00      0.00    100.00
02:25:58 AM      36      0.00      0.00      0.00      0.00      0.00    100.00
02:25:58 AM      37      0.00      0.00      2.00      0.00      0.00     98.00
02:25:58 AM      38      0.00      0.00      0.00      0.00      0.00    100.00
02:25:58 AM      39      0.00      0.00      0.00      0.00      0.00    100.00
02:25:58 AM      40      0.00      0.00      0.00      0.00      0.00    100.00
02:25:58 AM      41      0.00      0.00      0.00      0.00      0.00    100.00
02:25:58 AM      42      0.00      0.00      0.00      0.00      0.00    100.00
02:25:58 AM      43      0.00      0.00      0.00      0.00      0.00    100.00
02:25:58 AM      44      0.00      0.00      0.00      0.00      0.00    100.00
02:25:58 AM      45      0.00      0.00      0.00      0.00      0.00    100.00
02:25:58 AM      46      0.00      0.00      0.00      0.00      0.00    100.00
02:25:58 AM      47      0.00      0.00      0.00      0.00      0.00    100.00

02:25:58 AM     CPU     %user     %nice   %system   %iowait    %steal     %idle
02:25:59 AM     all      0.00      0.00      0.06      0.00      0.00     99.94
02:25:59 AM       0      0.00      0.00      1.01      0.00      0.00     98.99
02:25:59 AM       1      0.00      0.00      0.00      0.00      0.00    100.00
02:25:59 AM       2      0.00      0.00      0.00      0.00      0.00    100.00
02:25:59 AM       3      0.00      0.00      0.00      0.00      0.00    100.00
02:25:59 AM       4      0.00      0.00      0.00      0.00      0.00    100.00
02:25:59 AM       5      0.00      0.00      0.00      0.00      0.00    100.00
02:25:59 AM       6      0.00      0.00      0.00      0.00      0.00    100.00
02:25:59 AM       7      0.00      0.00      0.00      0.00      0.00    100.00
02:25:59 AM       8      0.00      0.00      0.00      0.00      0.00    100.00
02:25:59 AM       9      0.00      0.00      0.00      0.00      0.00    100.00
02:25:59 AM      10      0.00      0.00      0.00      0.00      0.00    100.00
02:25:59 AM      11      0.00      0.00      0.00      0.00      0.00    100.00
02:25:59 AM      12      0.00      0.00      0.00      0.00      0.00    100.00
02:25:59 AM      13      0.00      0.00      0.00      0.00      0.00    100.00
02:25:59 AM      14      0.00      0.00      0.00      0.00      0.00    100.00
02:25:59 AM      15      0.00      0.00      0.00      0.00      0.00    100.00
02:25:59 AM      16      0.00      0.00      0.00      0.00      0.00    100.00
02:25:59 AM      17      0.00      0.00      0.00      0.00      0.00    100.00
02:25:59 AM      18      0.00      0.00      0.00      0.00      0.00    100.00
02:25:59 AM      19      0.00      0.00      0.00      0.00      0.00    100.00
02:25:59 AM      20      0.00      0.00      0.00      0.00      0.00    100.00
02:25:59 AM      21      0.00      0.00      0.00      0.00      0.00    100.00
02:25:59 AM      22      0.00      0.00      0.00      0.00      0.00    100.00
02:25:59 AM      23      0.00      0.00      0.00      0.00      0.00    100.00
02:25:59 AM      24      0.00      0.00      0.00      0.00      0.00    100.00
02:25:59 AM      25      0.00      0.00      0.00      0.00      0.00    100.00
02:25:59 AM      26      0.00      0.00      0.00      0.00      0.00    100.00
02:25:59 AM      27      0.00      0.00      0.00      0.00      0.00    100.00
02:25:59 AM      28      0.00      0.00      0.00      0.00      0.00    100.00
02:25:59 AM      29      0.00      0.00      0.00      0.00      0.00    100.00
02:25:59 AM      30      0.00      0.00      0.00      0.00      0.00    100.00
02:25:59 AM      31      0.00      0.00      0.00      0.00      0.00    100.00
02:25:59 AM      32      0.00      0.00      0.00      0.00      0.00    100.00
02:25:59 AM      33      0.00      0.00      0.00      0.00      0.00    100.00
02:25:59 AM      34      0.00      0.00      0.00      0.00      0.00    100.00
02:25:59 AM      35      0.00      0.00      0.00      0.00      0.00    100.00
02:25:59 AM      36      0.00      0.00      0.00      0.00      0.00    100.00
02:25:59 AM      37      0.00      0.00      1.00      0.00      0.00     99.00
02:25:59 AM      38      0.00      0.00      0.00      0.00      0.00    100.00
02:25:59 AM      39      0.99      0.00      0.99      0.00      0.00     98.02
02:25:59 AM      40      0.00      0.00      0.00      0.00      0.00    100.00
02:25:59 AM      41      0.00      0.00      0.00      0.00      0.00    100.00
02:25:59 AM      42      0.00      0.00      0.00      0.00      0.00    100.00
02:25:59 AM      43      0.00      0.00      0.00      0.00      0.00    100.00
02:25:59 AM      44      0.00      0.00      0.00      0.00      0.00    100.00
02:25:59 AM      45      0.00      0.00      0.00      0.00      0.00    100.00
02:25:59 AM      46      0.00      0.00      0.00      0.00      0.00    100.00
02:25:59 AM      47      0.00      0.00      0.00      0.00      0.00    100.00

02:25:59 AM     CPU     %user     %nice   %system   %iowait    %steal     %idle
02:26:00 AM     all      0.54      0.00      1.40      0.02      0.00     98.03
02:26:00 AM       0     23.76      0.00     65.35      0.00      0.00     10.89
02:26:00 AM       1      0.00      0.00      0.00      0.00      0.00    100.00
02:26:00 AM       2      0.00      0.00      0.00      0.00      0.00    100.00
02:26:00 AM       3      0.00      0.00      0.00      0.00      0.00    100.00
02:26:00 AM       4      0.00      0.00      0.00      0.00      0.00    100.00
02:26:00 AM       5      0.00      0.00      0.00      0.00      0.00    100.00
02:26:00 AM       6      0.00      0.00      0.00      0.00      0.00    100.00
02:26:00 AM       7      0.00      0.00      0.00      0.00      0.00    100.00
02:26:00 AM       8      0.00      0.00      0.00      0.00      0.00    100.00
02:26:00 AM       9      0.00      0.00      0.00      0.00      0.00    100.00
02:26:00 AM      10      0.00      0.00      0.00      0.00      0.00    100.00
02:26:00 AM      11      0.00      0.00      1.00      0.00      0.00     99.00
02:26:00 AM      12      0.00      0.00      0.00      0.00      0.00    100.00
02:26:00 AM      13      0.00      0.00      0.00      0.00      0.00    100.00
02:26:00 AM      14      0.00      0.00      0.00      0.00      0.00    100.00
02:26:00 AM      15      0.00      0.00      0.00      0.00      0.00    100.00
02:26:00 AM      16      0.00      0.00      0.00      0.00      0.00    100.00
02:26:00 AM      17      1.01      0.00      0.00      0.00      0.00     98.99
02:26:00 AM      18      0.00      0.00      0.00      0.00      0.00    100.00
02:26:00 AM      19      0.00      0.00      0.00      0.00      0.00    100.00
02:26:00 AM      20      0.00      0.00      0.99      0.99      0.00     98.02
02:26:00 AM      21      0.00      0.00      0.00      0.00      0.00    100.00
02:26:00 AM      22      0.00      0.00      0.00      0.00      0.00    100.00
02:26:00 AM      23      0.00      0.00      0.00      0.00      0.00    100.00
02:26:00 AM      24      0.00      0.00      0.00      0.00      0.00    100.00
02:26:00 AM      25      0.00      0.00      0.00      0.00      0.00    100.00
02:26:00 AM      26      0.00      0.00      0.00      0.00      0.00    100.00
02:26:00 AM      27      0.00      0.00      0.00      0.00      0.00    100.00
02:26:00 AM      28      0.00      0.00      0.00      0.00      0.00    100.00
02:26:00 AM      29      0.00      0.00      0.00      0.00      0.00    100.00
02:26:00 AM      30      0.00      0.00      0.00      0.00      0.00    100.00
02:26:00 AM      31      0.00      0.00      0.00      0.00      0.00    100.00
02:26:00 AM      32      0.00      0.00      0.00      0.00      0.00    100.00
02:26:00 AM      33      0.00      0.00      0.00      0.00      0.00    100.00
02:26:00 AM      34      0.00      0.00      0.00      0.00      0.00    100.00
02:26:00 AM      35      0.00      0.00      0.00      0.00      0.00    100.00
02:26:00 AM      36      0.00      0.00      0.00      0.00      0.00    100.00
02:26:00 AM      37      0.00      0.00      1.00      0.00      0.00     99.00
02:26:00 AM      38      0.00      0.00      0.00      0.00      0.00    100.00
02:26:00 AM      39      0.00      0.00      0.00      0.00      0.00    100.00
02:26:00 AM      40      0.00      0.00      0.00      0.00      0.00    100.00
02:26:00 AM      41      0.00      0.00      0.00      0.00      0.00    100.00
02:26:00 AM      42      0.00      0.00      0.00      0.00      0.00    100.00
02:26:00 AM      43      0.00      0.00      0.00      0.00      0.00    100.00
02:26:00 AM      44      0.00      0.00      0.00      0.00      0.00    100.00
02:26:00 AM      45      0.00      0.00      0.00      0.00      0.00    100.00
02:26:00 AM      46      0.00      0.00      0.00      0.00      0.00    100.00
02:26:00 AM      47      0.00      0.00      0.00      0.00      0.00    100.00

02:26:00 AM     CPU     %user     %nice   %system   %iowait    %steal     %idle
02:26:01 AM     all      0.48      0.00      1.21      0.00      0.00     98.31
02:26:01 AM       0     24.00      0.00     56.00      0.00      0.00     20.00
02:26:01 AM       1      0.00      0.00      0.00      0.00      0.00    100.00
02:26:01 AM       2      0.00      0.00      0.00      0.00      0.00    100.00
02:26:01 AM       3      0.00      0.00      0.00      0.00      0.00    100.00
02:26:01 AM       4      0.00      0.00      0.00      0.00      0.00    100.00
02:26:01 AM       5      0.00      0.00      0.00      0.00      0.00    100.00
02:26:01 AM       6      0.00      0.00      0.00      0.00      0.00    100.00
02:26:01 AM       7      0.00      0.00      0.00      0.00      0.00    100.00
02:26:01 AM       8      0.00      0.00      0.00      0.00      0.00    100.00
02:26:01 AM       9      0.00      0.00      0.00      0.00      0.00    100.00
02:26:01 AM      10      0.00      0.00      0.00      0.00      0.00    100.00
02:26:01 AM      11      0.00      0.00      0.00      0.00      0.00    100.00
02:26:01 AM      12      0.00      0.00      0.00      0.00      0.00    100.00
02:26:01 AM      13      0.00      0.00      0.00      0.00      0.00    100.00
02:26:01 AM      14      0.00      0.00      0.99      0.00      0.00     99.01
02:26:01 AM      15      0.00      0.00      0.00      0.00      0.00    100.00
02:26:01 AM      16      0.00      0.00      0.00      0.00      0.00    100.00
02:26:01 AM      17      0.00      0.00      0.00      0.00      0.00    100.00
02:26:01 AM      18      0.00      0.00      0.00      0.00      0.00    100.00
02:26:01 AM      19      0.00      0.00      0.00      0.00      0.00    100.00
02:26:01 AM      20      0.00      0.00      0.00      0.00      0.00    100.00
02:26:01 AM      21      0.00      0.00      0.00      0.00      0.00    100.00
02:26:01 AM      22      0.00      0.00      0.00      0.00      0.00    100.00
02:26:01 AM      23      0.00      0.00      0.00      0.00      0.00    100.00
02:26:01 AM      24      0.00      0.00      0.00      0.00      0.00    100.00
02:26:01 AM      25      0.00      0.00      0.00      0.00      0.00    100.00
02:26:01 AM      26      0.00      0.00      0.00      0.00      0.00    100.00
02:26:01 AM      27      0.00      0.00      0.00      0.00      0.00    100.00
02:26:01 AM      28      0.00      0.00      0.00      0.00      0.00    100.00
02:26:01 AM      29      0.00      0.00      0.00      0.00      0.00    100.00
02:26:01 AM      30      0.00      0.00      0.00      0.00      0.00    100.00
02:26:01 AM      31      0.00      0.00      0.00      0.00      0.00    100.00
02:26:01 AM      32      0.00      0.00      0.00      0.00      0.00    100.00
02:26:01 AM      33      0.00      0.00      0.00      0.00      0.00    100.00
02:26:01 AM      34      0.00      0.00      0.00      0.00      0.00    100.00
02:26:01 AM      35      0.00      0.00      0.00      0.00      0.00    100.00
02:26:01 AM      36      0.00      0.00      0.00      0.00      0.00    100.00
02:26:01 AM      37      0.00      0.00      1.00      0.00      0.00     99.00
02:26:01 AM      38      0.00      0.00      0.00      0.00      0.00    100.00
02:26:01 AM      39      0.00      0.00      0.00      0.00      0.00    100.00
02:26:01 AM      40      0.00      0.00      0.00      0.00      0.00    100.00
02:26:01 AM      41      0.00      0.00      0.00      0.00      0.00    100.00
02:26:01 AM      42      0.00      0.00      0.00      0.00      0.00    100.00
02:26:01 AM      43      0.00      0.00      0.00      0.00      0.00    100.00
02:26:01 AM      44      0.00      0.00      0.00      0.00      0.00    100.00
02:26:01 AM      45      0.00      0.00      0.00      0.00      0.00    100.00
02:26:01 AM      46      0.00      0.00      0.00      0.00      0.00    100.00
02:26:01 AM      47      0.00      0.00      0.00      0.00      0.00    100.00

02:26:01 AM     CPU     %user     %nice   %system   %iowait    %steal     %idle
02:26:02 AM     all      0.42      0.00      1.23      0.02      0.00     98.33
02:26:02 AM       0     19.59      0.00     59.79      0.00      0.00     20.62
02:26:02 AM       1      0.00      0.00      0.00      0.00      0.00    100.00
02:26:02 AM       2      0.00      0.00      0.00      0.00      0.00    100.00
02:26:02 AM       3      0.00      0.00      0.00      0.00      0.00    100.00
02:26:02 AM       4      0.00      0.00      0.00      0.00      0.00    100.00
02:26:02 AM       5      0.00      0.00      0.00      0.00      0.00    100.00
02:26:02 AM       6      0.00      0.00      0.00      0.00      0.00    100.00
02:26:02 AM       7      0.00      0.00      0.00      0.00      0.00    100.00
02:26:02 AM       8      0.00      0.00      0.00      0.00      0.00    100.00
02:26:02 AM       9      0.00      0.00      0.00      0.00      0.00    100.00
02:26:02 AM      10      0.00      0.00      0.00      1.00      0.00     99.00
02:26:02 AM      11      0.00      0.00      0.00      0.00      0.00    100.00
02:26:02 AM      12      0.00      0.00      0.00      0.00      0.00    100.00
02:26:02 AM      13      0.00      0.00      0.00      0.00      0.00    100.00
02:26:02 AM      14      0.00      0.00      0.00      0.00      0.00    100.00
02:26:02 AM      15      0.00      0.00      0.00      0.00      0.00    100.00
02:26:02 AM      16      0.00      0.00      0.00      0.00      0.00    100.00
02:26:02 AM      17      0.00      0.00      0.00      0.00      0.00    100.00
02:26:02 AM      18      0.00      0.00      0.00      0.00      0.00    100.00
02:26:02 AM      19      0.00      0.00      0.00      0.00      0.00    100.00
02:26:02 AM      20      0.00      0.00      0.00      0.00      0.00    100.00
02:26:02 AM      21      0.00      0.00      0.00      0.00      0.00    100.00
02:26:02 AM      22      0.00      0.00      0.00      0.00      0.00    100.00
02:26:02 AM      23      0.00      0.00      0.00      0.00      0.00    100.00
02:26:02 AM      24      0.00      0.00      0.00      0.00      0.00    100.00
02:26:02 AM      25      0.00      0.00      0.00      0.00      0.00    100.00
02:26:02 AM      26      0.00      0.00      0.00      0.00      0.00    100.00
02:26:02 AM      27      0.00      0.00      0.00      0.00      0.00    100.00
02:26:02 AM      28      0.00      0.00      0.00      0.00      0.00    100.00
02:26:02 AM      29      0.00      0.00      0.00      0.00      0.00    100.00
02:26:02 AM      30      0.00      0.00      0.00      0.00      0.00    100.00
02:26:02 AM      31      0.00      0.00      0.00      0.00      0.00    100.00
02:26:02 AM      32      0.00      0.00      0.00      0.00      0.00    100.00
02:26:02 AM      33      0.00      0.00      0.00      0.00      0.00    100.00
02:26:02 AM      34      0.00      0.00      0.00      0.00      0.00    100.00
02:26:02 AM      35      0.00      0.00      0.00      0.00      0.00    100.00
02:26:02 AM      36      0.00      0.00      0.00      0.00      0.00    100.00
02:26:02 AM      37      0.00      0.00      1.00      0.00      0.00     99.00
02:26:02 AM      38      0.00      0.00      0.00      0.00      0.00    100.00
02:26:02 AM      39      0.00      0.00      0.00      0.00      0.00    100.00
02:26:02 AM      40      0.00      0.00      0.00      0.00      0.00    100.00
02:26:02 AM      41      0.00      0.00      0.00      0.00      0.00    100.00
02:26:02 AM      42      0.00      0.00      0.00      0.00      0.00    100.00
02:26:02 AM      43      0.00      0.00      0.00      0.00      0.00    100.00
02:26:02 AM      44      0.00      0.00      0.00      0.00      0.00    100.00
02:26:02 AM      45      0.00      0.00      0.00      0.00      0.00    100.00
02:26:02 AM      46      0.00      0.00      0.00      0.00      0.00    100.00
02:26:02 AM      47      0.00      0.00      0.00      0.00      0.00    100.00

02:26:02 AM     CPU     %user     %nice   %system   %iowait    %steal     %idle
02:26:03 AM     all      0.44      0.00      1.19      0.04      0.00     98.33
02:26:03 AM       0     21.43      0.00     57.14      0.00      0.00     21.43
02:26:03 AM       1      0.00      0.00      0.00      0.00      0.00    100.00
02:26:03 AM       2      0.00      0.00      0.00      0.00      0.00    100.00
02:26:03 AM       3      0.00      0.00      0.00      0.00      0.00    100.00
02:26:03 AM       4      0.00      0.00      0.00      0.00      0.00    100.00
02:26:03 AM       5      0.00      0.00      0.00      0.00      0.00    100.00
02:26:03 AM       6      0.00      0.00      0.00      0.00      0.00    100.00
02:26:03 AM       7      0.00      0.00      0.00      0.00      0.00    100.00
02:26:03 AM       8      0.00      0.00      0.00      0.00      0.00    100.00
02:26:03 AM       9      0.00      0.00      0.00      0.00      0.00    100.00
02:26:03 AM      10      0.00      0.00      0.00      1.01      0.00     98.99
02:26:03 AM      11      0.00      0.00      0.00      0.00      0.00    100.00
02:26:03 AM      12      0.00      0.00      0.00      0.00      0.00    100.00
02:26:03 AM      13      0.00      0.00      0.00      0.00      0.00    100.00
02:26:03 AM      14      0.00      0.00      0.00      0.00      0.00    100.00
02:26:03 AM      15      0.00      0.00      0.00      0.00      0.00    100.00
02:26:03 AM      16      0.00      0.00      0.00      0.00      0.00    100.00
02:26:03 AM      17      0.00      0.00      0.00      0.00      0.00    100.00
02:26:03 AM      18      0.00      0.00      0.00      0.00      0.00    100.00
02:26:03 AM      19      0.00      0.00      0.00      0.00      0.00    100.00
02:26:03 AM      20      0.00      0.00      0.00      0.00      0.00    100.00
02:26:03 AM      21      0.00      0.00      0.00      0.00      0.00    100.00
02:26:03 AM      22      0.00      0.00      0.00      0.00      0.00    100.00
02:26:03 AM      23      0.00      0.00      0.00      0.00      0.00    100.00
02:26:03 AM      24      0.00      0.00      0.00      0.00      0.00    100.00
02:26:03 AM      25      0.00      0.00      0.00      0.00      0.00    100.00
02:26:03 AM      26      0.00      0.00      0.00      0.00      0.00    100.00
02:26:03 AM      27      0.00      0.00      0.00      0.00      0.00    100.00
02:26:03 AM      28      0.00      0.00      0.00      0.00      0.00    100.00
02:26:03 AM      29      0.00      0.00      0.00      0.00      0.00    100.00
02:26:03 AM      30      0.00      0.00      0.00      0.00      0.00    100.00
02:26:03 AM      31      0.00      0.00      0.00      0.00      0.00    100.00
02:26:03 AM      32      0.00      0.00      0.00      0.00      0.00    100.00
02:26:03 AM      33      0.00      0.00      0.00      0.00      0.00    100.00
02:26:03 AM      34      0.00      0.00      0.00      0.00      0.00    100.00
02:26:03 AM      35      0.00      0.00      0.00      0.00      0.00    100.00
02:26:03 AM      36      0.00      0.00      0.00      0.00      0.00    100.00
02:26:03 AM      37      0.00      0.00      0.00      0.00      0.00    100.00
02:26:03 AM      38      0.00      0.00      0.00      0.00      0.00    100.00
02:26:03 AM      39      0.00      0.00      0.00      0.00      0.00    100.00
02:26:03 AM      40      0.00      0.00      0.00      0.00      0.00    100.00
02:26:03 AM      41      0.00      0.00      0.00      0.00      0.00    100.00
02:26:03 AM      42      0.00      0.00      0.00      0.00      0.00    100.00
02:26:03 AM      43      0.00      0.00      0.00      0.00      0.00    100.00
02:26:03 AM      44      0.00      0.00      0.00      0.00      0.00    100.00
02:26:03 AM      45      0.00      0.00      0.00      0.00      0.00    100.00
02:26:03 AM      46      0.00      0.00      0.00      0.00      0.00    100.00
02:26:03 AM      47      0.00      0.00      0.00      0.00      0.00    100.00

02:26:03 AM     CPU     %user     %nice   %system   %iowait    %steal     %idle
02:26:04 AM     all      0.46      0.00      1.25      0.00      0.00     98.28
02:26:04 AM       0     21.57      0.00     58.82      0.00      0.00     19.61
02:26:04 AM       1      0.00      0.00      0.00      0.00      0.00    100.00
02:26:04 AM       2      0.00      0.00      0.00      0.00      0.00    100.00
02:26:04 AM       3      0.00      0.00      0.00      0.00      0.00    100.00
02:26:04 AM       4      0.00      0.00      0.00      0.00      0.00    100.00
02:26:04 AM       5      0.00      0.00      0.00      0.00      0.00    100.00
02:26:04 AM       6      0.00      0.00      0.00      0.00      0.00    100.00
02:26:04 AM       7      0.00      0.00      0.00      0.00      0.00    100.00
02:26:04 AM       8      0.00      0.00      0.00      0.00      0.00    100.00
02:26:04 AM       9      0.00      0.00      0.00      0.00      0.00    100.00
02:26:04 AM      10      0.00      0.00      0.00      0.00      0.00    100.00
02:26:04 AM      11      0.00      0.00      0.00      0.00      0.00    100.00
02:26:04 AM      12      0.00      0.00      0.00      0.00      0.00    100.00
02:26:04 AM      13      0.00      0.00      0.00      0.00      0.00    100.00
02:26:04 AM      14      0.00      0.00      0.00      0.00      0.00    100.00
02:26:04 AM      15      0.00      0.00      0.00      0.00      0.00    100.00
02:26:04 AM      16      0.00      0.00      0.00      0.00      0.00    100.00
02:26:04 AM      17      0.00      0.00      0.00      0.00      0.00    100.00
02:26:04 AM      18      0.00      0.00      0.00      0.00      0.00    100.00
02:26:04 AM      19      0.00      0.00      0.00      0.00      0.00    100.00
02:26:04 AM      20      0.00      0.00      0.00      0.00      0.00    100.00
02:26:04 AM      21      0.00      0.00      0.00      0.00      0.00    100.00
02:26:04 AM      22      0.00      0.00      0.00      0.00      0.00    100.00
02:26:04 AM      23      0.00      0.00      0.00      0.00      0.00    100.00
02:26:04 AM      24      0.00      0.00      0.00      0.00      0.00    100.00
02:26:04 AM      25      0.00      0.00      0.00      0.00      0.00    100.00
02:26:04 AM      26      0.00      0.00      0.00      0.00      0.00    100.00
02:26:04 AM      27      0.00      0.00      0.00      0.00      0.00    100.00
02:26:04 AM      28      0.00      0.00      0.00      0.00      0.00    100.00
02:26:04 AM      29      0.00      0.00      0.00      0.00      0.00    100.00
02:26:04 AM      30      0.00      0.00      0.00      0.00      0.00    100.00
02:26:04 AM      31      0.00      0.00      0.00      0.00      0.00    100.00
02:26:04 AM      32      0.00      0.00      0.00      0.00      0.00    100.00
02:26:04 AM      33      0.00      0.00      0.00      0.00      0.00    100.00
02:26:04 AM      34      0.00      0.00      0.00      0.00      0.00    100.00
02:26:04 AM      35      0.00      0.00      0.00      0.00      0.00    100.00
02:26:04 AM      36      0.00      0.00      0.00      0.00      0.00    100.00
02:26:04 AM      37      0.00      0.00      1.00      0.00      0.00     99.00
02:26:04 AM      38      0.00      0.00      0.00      0.00      0.00    100.00
02:26:04 AM      39      0.00      0.00      0.00      0.00      0.00    100.00
02:26:04 AM      40      0.00      0.00      0.00      0.00      0.00    100.00
02:26:04 AM      41      0.00      0.00      0.00      0.00      0.00    100.00
02:26:04 AM      42      0.00      0.00      0.00      0.00      0.00    100.00
02:26:04 AM      43      0.00      0.00      0.00      0.00      0.00    100.00
02:26:04 AM      44      0.00      0.00      0.00      0.00      0.00    100.00
02:26:04 AM      45      0.00      0.00      0.00      0.00      0.00    100.00
02:26:04 AM      46      0.00      0.00      0.00      0.00      0.00    100.00
02:26:04 AM      47      0.00      0.00      0.00      0.00      0.00    100.00

02:26:04 AM     CPU     %user     %nice   %system   %iowait    %steal     %idle
02:26:05 AM     all      0.42      0.00      1.28      0.00      0.00     98.31
02:26:05 AM       0     19.80      0.00     58.42      0.99      0.00     20.79
02:26:05 AM       1      0.00      0.00      0.00      0.00      0.00    100.00
02:26:05 AM       2      0.00      0.00      0.00      0.00      0.00    100.00
02:26:05 AM       3      0.00      0.00      0.00      0.00      0.00    100.00
02:26:05 AM       4      0.00      0.00      0.00      0.00      0.00    100.00
02:26:05 AM       5      0.00      0.00      0.00      0.00      0.00    100.00
02:26:05 AM       6      0.00      0.00      0.00      0.00      0.00    100.00
02:26:05 AM       7      0.00      0.00      0.00      0.00      0.00    100.00
02:26:05 AM       8      0.00      0.00      0.00      0.00      0.00    100.00
02:26:05 AM       9      0.00      0.00      0.00      0.00      0.00    100.00
02:26:05 AM      10      0.00      0.00      0.00      0.00      0.00    100.00
02:26:05 AM      11      0.00      0.00      0.00      0.00      0.00    100.00
02:26:05 AM      12      0.00      0.00      0.00      0.00      0.00    100.00
02:26:05 AM      13      0.00      0.00      0.00      0.00      0.00    100.00
02:26:05 AM      14      0.00      0.00      0.00      0.00      0.00    100.00
02:26:05 AM      15      0.00      0.00      0.00      0.00      0.00    100.00
02:26:05 AM      16      0.00      0.00      0.00      0.00      0.00    100.00
02:26:05 AM      17      0.00      0.00      0.00      0.00      0.00    100.00
02:26:05 AM      18      0.00      0.00      0.00      0.00      0.00    100.00
02:26:05 AM      19      0.00      0.00      0.00      0.00      0.00    100.00
02:26:05 AM      20      0.00      0.00      0.00      0.00      0.00    100.00
02:26:05 AM      21      0.00      0.00      1.00      0.00      0.00     99.00
02:26:05 AM      22      0.00      0.00      0.00      0.00      0.00    100.00
02:26:05 AM      23      0.00      0.00      0.00      0.00      0.00    100.00
02:26:05 AM      24      0.00      0.00      0.00      0.00      0.00    100.00
02:26:05 AM      25      0.00      0.00      0.00      0.00      0.00    100.00
02:26:05 AM      26      0.00      0.00      0.00      0.00      0.00    100.00
02:26:05 AM      27      0.00      0.00      0.00      0.00      0.00    100.00
02:26:05 AM      28      0.00      0.00      0.00      0.00      0.00    100.00
02:26:05 AM      29      0.00      0.00      0.00      0.00      0.00    100.00
02:26:05 AM      30      0.00      0.00      0.00      0.00      0.00    100.00
02:26:05 AM      31      0.00      0.00      0.00      0.00      0.00    100.00
02:26:05 AM      32      0.00      0.00      0.00      0.00      0.00    100.00
02:26:05 AM      33      0.00      0.00      0.00      0.00      0.00    100.00
02:26:05 AM      34      0.00      0.00      0.00      0.00      0.00    100.00
02:26:05 AM      35      0.00      0.00      0.00      0.00      0.00    100.00
02:26:05 AM      36      0.00      0.00      0.00      0.00      0.00    100.00
02:26:05 AM      37      0.00      0.00      1.00      0.00      0.00     99.00
02:26:05 AM      38      0.00      0.00      0.00      0.00      0.00    100.00
02:26:05 AM      39      0.00      0.00      0.00      0.00      0.00    100.00
02:26:05 AM      40      0.00      0.00      0.00      0.00      0.00    100.00
02:26:05 AM      41      0.00      0.00      0.00      0.00      0.00    100.00
02:26:05 AM      42      0.00      0.00      0.00      0.00      0.00    100.00
02:26:05 AM      43      0.00      0.00      0.00      0.00      0.00    100.00
02:26:05 AM      44      0.00      0.00      0.00      0.00      0.00    100.00
02:26:05 AM      45      0.00      0.00      0.00      0.00      0.00    100.00
02:26:05 AM      46      0.00      0.00      0.00      0.00      0.00    100.00
02:26:05 AM      47      0.00      0.00      0.00      0.00      0.00    100.00

02:26:05 AM     CPU     %user     %nice   %system   %iowait    %steal     %idle
02:26:06 AM     all      0.44      0.00      1.21      0.00      0.00     98.35
02:26:06 AM       0     21.43      0.00     58.16      0.00      0.00     20.41
02:26:06 AM       1      0.00      0.00      0.00      0.00      0.00    100.00
02:26:06 AM       2      0.00      0.00      0.00      0.00      0.00    100.00
02:26:06 AM       3      0.00      0.00      0.00      0.00      0.00    100.00
02:26:06 AM       4      0.00      0.00      0.00      0.00      0.00    100.00
02:26:06 AM       5      0.00      0.00      0.00      0.00      0.00    100.00
02:26:06 AM       6      0.00      0.00      0.00      0.00      0.00    100.00
02:26:06 AM       7      0.00      0.00      0.00      0.00      0.00    100.00
02:26:06 AM       8      0.00      0.00      0.00      0.00      0.00    100.00
02:26:06 AM       9      0.00      0.00      0.00      0.00      0.00    100.00
02:26:06 AM      10      0.00      0.00      0.00      0.00      0.00    100.00
02:26:06 AM      11      0.00      0.00      0.00      0.00      0.00    100.00
02:26:06 AM      12      0.00      0.00      0.00      0.00      0.00    100.00
02:26:06 AM      13      0.00      0.00      0.00      0.00      0.00    100.00
02:26:06 AM      14      0.00      0.00      0.00      0.00      0.00    100.00
02:26:06 AM      15      0.00      0.00      0.00      0.00      0.00    100.00
02:26:06 AM      16      0.00      0.00      0.00      0.00      0.00    100.00
02:26:06 AM      17      0.00      0.00      0.00      0.00      0.00    100.00
02:26:06 AM      18      0.00      0.00      0.00      0.00      0.00    100.00
02:26:06 AM      19      0.00      0.00      0.00      0.00      0.00    100.00
02:26:06 AM      20      0.00      0.00      0.00      0.00      0.00    100.00
02:26:06 AM      21      0.00      0.00      0.00      0.00      0.00    100.00
02:26:06 AM      22      0.00      0.00      0.00      0.00      0.00    100.00
02:26:06 AM      23      0.00      0.00      0.00      0.00      0.00    100.00
02:26:06 AM      24      0.00      0.00      0.00      0.00      0.00    100.00
02:26:06 AM      25      0.00      0.00      0.00      0.00      0.00    100.00
02:26:06 AM      26      0.00      0.00      0.00      0.00      0.00    100.00
02:26:06 AM      27      0.00      0.00      0.00      0.00      0.00    100.00
02:26:06 AM      28      0.00      0.00      0.00      0.00      0.00    100.00
02:26:06 AM      29      0.00      0.00      0.00      0.00      0.00    100.00
02:26:06 AM      30      0.00      0.00      0.00      0.00      0.00    100.00
02:26:06 AM      31      0.00      0.00      0.00      0.00      0.00    100.00
02:26:06 AM      32      0.00      0.00      0.00      0.00      0.00    100.00
02:26:06 AM      33      0.00      0.00      0.00      0.00      0.00    100.00
02:26:06 AM      34      0.00      0.00      0.00      0.00      0.00    100.00
02:26:06 AM      35      0.00      0.00      0.00      0.00      0.00    100.00
02:26:06 AM      36      0.00      0.00      0.00      0.00      0.00    100.00
02:26:06 AM      37      0.00      0.00      1.00      0.00      0.00     99.00
02:26:06 AM      38      0.00      0.00      0.00      0.00      0.00    100.00
02:26:06 AM      39      0.00      0.00      0.00      0.00      0.00    100.00
02:26:06 AM      40      0.00      0.00      0.00      0.00      0.00    100.00
02:26:06 AM      41      0.00      0.00      0.00      0.00      0.00    100.00
02:26:06 AM      42      0.00      0.00      0.00      0.00      0.00    100.00
02:26:06 AM      43      0.00      0.00      0.00      0.00      0.00    100.00
02:26:06 AM      44      0.00      0.00      0.00      0.00      0.00    100.00
02:26:06 AM      45      0.00      0.00      0.00      0.00      0.00    100.00
02:26:06 AM      46      0.00      0.00      0.00      0.00      0.00    100.00
02:26:06 AM      47      0.00      0.00      0.00      0.00      0.00    100.00

02:26:06 AM     CPU     %user     %nice   %system   %iowait    %steal     %idle
02:26:07 AM     all      0.48      0.00      1.21      0.02      0.00     98.28
02:26:07 AM       0     23.00      0.00     57.00      0.00      0.00     20.00
02:26:07 AM       1      0.00      0.00      0.00      0.00      0.00    100.00
02:26:07 AM       2      0.00      0.00      0.00      0.00      0.00    100.00
02:26:07 AM       3      0.00      0.00      0.00      0.00      0.00    100.00
02:26:07 AM       4      0.00      0.00      0.00      0.00      0.00    100.00
02:26:07 AM       5      0.00      0.00      0.00      0.00      0.00    100.00
02:26:07 AM       6      0.00      0.00      0.00      0.00      0.00    100.00
02:26:07 AM       7      0.00      0.00      0.00      0.00      0.00    100.00
02:26:07 AM       8      0.00      0.00      0.00      0.00      0.00    100.00
02:26:07 AM       9      0.00      0.00      0.00      0.00      0.00    100.00
02:26:07 AM      10      0.00      0.00      0.00      1.98      0.00     98.02
02:26:07 AM      11      0.00      0.00      0.00      0.00      0.00    100.00
02:26:07 AM      12      0.00      0.00      0.00      0.00      0.00    100.00
02:26:07 AM      13      0.00      0.00      0.00      0.00      0.00    100.00
02:26:07 AM      14      0.00      0.00      0.00      0.00      0.00    100.00
02:26:07 AM      15      0.00      0.00      0.00      0.00      0.00    100.00
02:26:07 AM      16      0.00      0.00      0.00      0.00      0.00    100.00
02:26:07 AM      17      0.00      0.00      0.00      0.00      0.00    100.00
02:26:07 AM      18      0.00      0.00      0.00      0.00      0.00    100.00
02:26:07 AM      19      0.00      0.00      0.00      0.00      0.00    100.00
02:26:07 AM      20      0.00      0.00      0.00      0.00      0.00    100.00
02:26:07 AM      21      0.00      0.00      0.00      0.00      0.00    100.00
02:26:07 AM      22      0.00      0.00      0.00      0.00      0.00    100.00
02:26:07 AM      23      0.00      0.00      0.00      0.00      0.00    100.00
02:26:07 AM      24      0.00      0.00      0.00      0.00      0.00    100.00
02:26:07 AM      25      0.00      0.00      0.00      0.00      0.00    100.00
02:26:07 AM      26      0.00      0.00      0.00      0.00      0.00    100.00
02:26:07 AM      27      0.00      0.00      0.00      0.00      0.00    100.00
02:26:07 AM      28      0.00      0.00      0.00      0.00      0.00    100.00
02:26:07 AM      29      0.00      0.00      0.00      0.00      0.00    100.00
02:26:07 AM      30      0.00      0.00      0.00      0.00      0.00    100.00
02:26:07 AM      31      0.00      0.00      0.00      0.00      0.00    100.00
02:26:07 AM      32      0.00      0.00      0.00      0.00      0.00    100.00
02:26:07 AM      33      0.00      0.00      0.00      0.00      0.00    100.00
02:26:07 AM      34      0.00      0.00      0.00      0.00      0.00    100.00
02:26:07 AM      35      0.00      0.00      0.00      0.00      0.00    100.00
02:26:07 AM      36      0.00      0.00      0.00      0.00      0.00    100.00
02:26:07 AM      37      0.00      0.00      0.00      0.00      0.00    100.00
02:26:07 AM      38      0.00      0.00      0.00      0.00      0.00    100.00
02:26:07 AM      39      0.00      0.00      0.00      0.00      0.00    100.00
02:26:07 AM      40      0.00      0.00      0.00      0.00      0.00    100.00
02:26:07 AM      41      0.00      0.00      0.00      0.00      0.00    100.00
02:26:07 AM      42      0.00      0.00      0.00      0.00      0.00    100.00
02:26:07 AM      43      0.00      0.00      0.00      0.00      0.00    100.00
02:26:07 AM      44      0.00      0.00      0.00      0.00      0.00    100.00
02:26:07 AM      45      0.00      0.00      0.00      0.00      0.00    100.00
02:26:07 AM      46      0.00      0.00      0.00      0.00      0.00    100.00
02:26:07 AM      47      0.00      0.00      0.00      0.00      0.00    100.00

02:26:07 AM     CPU     %user     %nice   %system   %iowait    %steal     %idle
02:26:08 AM     all      0.42      0.00      1.26      0.04      0.00     98.28
02:26:08 AM       0     20.20      0.00     59.60      0.00      0.00     20.20
02:26:08 AM       1      0.00      0.00      0.00      0.00      0.00    100.00
02:26:08 AM       2      0.00      0.00      0.00      0.00      0.00    100.00
02:26:08 AM       3      0.00      0.00      0.00      0.00      0.00    100.00
02:26:08 AM       4      0.00      0.00      0.00      0.00      0.00    100.00
02:26:08 AM       5      0.00      0.00      0.00      0.00      0.00    100.00
02:26:08 AM       6      0.00      0.00      0.00      0.00      0.00    100.00
02:26:08 AM       7      0.00      0.00      0.00      0.00      0.00    100.00
02:26:08 AM       8      0.00      0.00      0.00      0.00      0.00    100.00
02:26:08 AM       9      0.00      0.00      0.00      0.00      0.00    100.00
02:26:08 AM      10      0.00      0.00      0.00      1.01      0.00     98.99
02:26:08 AM      11      0.00      0.00      0.00      0.00      0.00    100.00
02:26:08 AM      12      0.00      0.00      0.00      0.00      0.00    100.00
02:26:08 AM      13      0.00      0.00      0.00      0.00      0.00    100.00
02:26:08 AM      14      0.00      0.00      0.00      0.00      0.00    100.00
02:26:08 AM      15      0.00      0.00      0.00      0.00      0.00    100.00
02:26:08 AM      16      0.00      0.00      0.00      0.00      0.00    100.00
02:26:08 AM      17      0.00      0.00      0.00      0.00      0.00    100.00
02:26:08 AM      18      0.00      0.00      0.00      0.00      0.00    100.00
02:26:08 AM      19      0.00      0.00      0.00      0.00      0.00    100.00
02:26:08 AM      20      0.00      0.00      0.00      0.00      0.00    100.00
02:26:08 AM      21      0.00      0.00      0.00      0.00      0.00    100.00
02:26:08 AM      22      0.00      0.00      0.00      0.00      0.00    100.00
02:26:08 AM      23      0.00      0.00      0.00      0.00      0.00    100.00
02:26:08 AM      24      0.00      0.00      0.00      0.00      0.00    100.00
02:26:08 AM      25      0.00      0.00      0.00      0.00      0.00    100.00
02:26:08 AM      26      0.00      0.00      0.00      0.00      0.00    100.00
02:26:08 AM      27      0.00      0.00      0.00      0.00      0.00    100.00
02:26:08 AM      28      0.00      0.00      0.00      0.00      0.00    100.00
02:26:08 AM      29      0.00      0.00      0.00      0.00      0.00    100.00
02:26:08 AM      30      0.00      0.00      0.00      0.00      0.00    100.00
02:26:08 AM      31      0.00      0.00      0.00      0.00      0.00    100.00
02:26:08 AM      32      0.00      0.00      0.00      0.00      0.00    100.00
02:26:08 AM      33      0.00      0.00      0.00      0.00      0.00    100.00
02:26:08 AM      34      0.00      0.00      0.00      0.00      0.00    100.00
02:26:08 AM      35      0.00      0.00      0.00      0.00      0.00    100.00
02:26:08 AM      36      0.00      0.00      0.00      0.00      0.00    100.00
02:26:08 AM      37      0.00      0.00      1.00      0.00      0.00     99.00
02:26:08 AM      38      0.00      0.00      0.00      0.00      0.00    100.00
02:26:08 AM      39      0.00      0.00      0.00      0.00      0.00    100.00
02:26:08 AM      40      0.00      0.00      0.00      0.00      0.00    100.00
02:26:08 AM      41      0.00      0.00      0.00      0.00      0.00    100.00
02:26:08 AM      42      0.00      0.00      0.00      0.00      0.00    100.00
02:26:08 AM      43      0.00      0.00      0.00      0.00      0.00    100.00
02:26:08 AM      44      0.00      0.00      0.00      0.00      0.00    100.00
02:26:08 AM      45      0.00      0.00      0.00      0.00      0.00    100.00
02:26:08 AM      46      0.00      0.00      0.00      0.00      0.00    100.00
02:26:08 AM      47      0.00      0.00      0.00      0.00      0.00    100.00

02:26:08 AM     CPU     %user     %nice   %system   %iowait    %steal     %idle
02:26:09 AM     all      0.44      0.00      1.21      0.00      0.00     98.35
02:26:09 AM       0     21.21      0.00     57.58      0.00      0.00     21.21
02:26:09 AM       1      0.00      0.00      0.00      0.00      0.00    100.00
02:26:09 AM       2      0.00      0.00      0.00      0.00      0.00    100.00
02:26:09 AM       3      0.00      0.00      0.00      0.00      0.00    100.00
02:26:09 AM       4      0.00      0.00      0.00      0.00      0.00    100.00
02:26:09 AM       5      0.00      0.00      0.00      0.00      0.00    100.00
02:26:09 AM       6      0.00      0.00      0.00      0.00      0.00    100.00
02:26:09 AM       7      0.00      0.00      0.00      0.00      0.00    100.00
02:26:09 AM       8      0.00      0.00      0.00      0.00      0.00    100.00
02:26:09 AM       9      0.00      0.00      0.00      0.00      0.00    100.00
02:26:09 AM      10      0.00      0.00      0.00      0.00      0.00    100.00
02:26:09 AM      11      0.00      0.00      0.00      0.00      0.00    100.00
02:26:09 AM      12      0.00      0.00      0.00      0.00      0.00    100.00
02:26:09 AM      13      0.00      0.00      0.00      0.00      0.00    100.00
02:26:09 AM      14      0.00      0.00      0.00      0.00      0.00    100.00
02:26:09 AM      15      0.00      0.00      0.00      0.00      0.00    100.00
02:26:09 AM      16      0.00      0.00      0.00      0.00      0.00    100.00
02:26:09 AM      17      0.00      0.00      0.00      0.00      0.00    100.00
02:26:09 AM      18      0.00      0.00      0.00      0.00      0.00    100.00
02:26:09 AM      19      0.00      0.00      0.00      0.00      0.00    100.00
02:26:09 AM      20      0.00      0.00      0.00      0.00      0.00    100.00
02:26:09 AM      21      0.00      0.00      0.00      0.00      0.00    100.00
02:26:09 AM      22      0.00      0.00      0.00      0.00      0.00    100.00
02:26:09 AM      23      0.00      0.00      0.00      0.00      0.00    100.00
02:26:09 AM      24      0.00      0.00      0.00      0.00      0.00    100.00
02:26:09 AM      25      0.00      0.00      0.00      0.00      0.00    100.00
02:26:09 AM      26      0.00      0.00      0.00      0.00      0.00    100.00
02:26:09 AM      27      0.00      0.00      0.00      0.00      0.00    100.00
02:26:09 AM      28      0.00      0.00      0.00      0.00      0.00    100.00
02:26:09 AM      29      0.00      0.00      0.00      0.00      0.00    100.00
02:26:09 AM      30      0.00      0.00      0.00      0.00      0.00    100.00
02:26:09 AM      31      0.00      0.00      0.00      0.00      0.00    100.00
02:26:09 AM      32      0.00      0.00      0.00      0.00      0.00    100.00
02:26:09 AM      33      0.00      0.00      0.00      0.00      0.00    100.00
02:26:09 AM      34      0.00      0.00      0.00      0.00      0.00    100.00
02:26:09 AM      35      0.00      0.00      0.00      0.00      0.00    100.00
02:26:09 AM      36      0.00      0.00      0.00      0.00      0.00    100.00
02:26:09 AM      37      0.00      0.00      1.00      0.00      0.00     99.00
02:26:09 AM      38      0.00      0.00      0.00      0.00      0.00    100.00
02:26:09 AM      39      0.00      0.00      1.00      0.00      0.00     99.00
02:26:09 AM      40      0.00      0.00      0.00      0.00      0.00    100.00
02:26:09 AM      41      0.00      0.00      0.00      0.00      0.00    100.00
02:26:09 AM      42      0.00      0.00      0.00      0.00      0.00    100.00
02:26:09 AM      43      0.00      0.00      0.00      0.00      0.00    100.00
02:26:09 AM      44      0.00      0.00      0.00      0.00      0.00    100.00
02:26:09 AM      45      0.00      0.00      0.00      0.00      0.00    100.00
02:26:09 AM      46      0.00      0.00      0.00      0.00      0.00    100.00
02:26:09 AM      47      0.00      0.00      0.00      0.00      0.00    100.00

02:26:09 AM     CPU     %user     %nice   %system   %iowait    %steal     %idle
02:26:10 AM     all      0.15      0.00      0.31      0.00      0.00     99.54
02:26:10 AM       0      6.00      0.00     14.00      0.00      0.00     80.00
02:26:10 AM       1      0.00      0.00      0.00      0.00      0.00    100.00
02:26:10 AM       2      0.00      0.00      0.00      0.00      0.00    100.00
02:26:10 AM       3      0.00      0.00      0.00      0.00      0.00    100.00
02:26:10 AM       4      0.00      0.00      0.00      0.00      0.00    100.00
02:26:10 AM       5      0.00      0.00      0.00      0.00      0.00    100.00
02:26:10 AM       6      0.00      0.00      0.00      0.00      0.00    100.00
02:26:10 AM       7      0.00      0.00      0.00      0.00      0.00    100.00
02:26:10 AM       8      0.00      0.00      0.00      0.00      0.00    100.00
02:26:10 AM       9      0.00      0.00      0.00      0.00      0.00    100.00
02:26:10 AM      10      0.00      0.00      0.00      0.00      0.00    100.00
02:26:10 AM      11      0.00      0.00      0.00      0.00      0.00    100.00
02:26:10 AM      12      0.00      0.00      0.00      0.00      0.00    100.00
02:26:10 AM      13      0.00      0.00      0.00      0.00      0.00    100.00
02:26:10 AM      14      0.00      0.00      0.00      0.00      0.00    100.00
02:26:10 AM      15      0.00      0.00      0.00      0.00      0.00    100.00
02:26:10 AM      16      0.00      0.00      0.00      0.00      0.00    100.00
02:26:10 AM      17      0.00      0.00      0.00      0.00      0.00    100.00
02:26:10 AM      18      0.00      0.00      0.00      0.00      0.00    100.00
02:26:10 AM      19      0.00      0.00      0.00      0.00      0.00    100.00
02:26:10 AM      20      0.00      0.00      0.00      0.00      0.00    100.00
02:26:10 AM      21      0.00      0.00      0.00      0.00      0.00    100.00
02:26:10 AM      22      0.00      0.00      0.00      0.00      0.00    100.00
02:26:10 AM      23      0.00      0.00      0.00      0.00      0.00    100.00
02:26:10 AM      24      0.00      0.00      0.00      0.00      0.00    100.00
02:26:10 AM      25      0.00      0.00      0.00      0.00      0.00    100.00
02:26:10 AM      26      0.00      0.00      0.00      0.00      0.00    100.00
02:26:10 AM      27      0.00      0.00      0.00      0.00      0.00    100.00
02:26:10 AM      28      0.00      0.00      0.00      0.00      0.00    100.00
02:26:10 AM      29      0.00      0.00      0.00      0.00      0.00    100.00
02:26:10 AM      30      0.00      0.00      0.00      0.00      0.00    100.00
02:26:10 AM      31      0.00      0.00      0.00      0.00      0.00    100.00
02:26:10 AM      32      0.00      0.00      0.00      0.00      0.00    100.00
02:26:10 AM      33      0.00      0.00      0.00      0.00      0.00    100.00
02:26:10 AM      34      0.00      0.00      0.00      0.00      0.00    100.00
02:26:10 AM      35      0.00      0.00      0.00      0.00      0.00    100.00
02:26:10 AM      36      0.00      0.00      0.00      0.00      0.00    100.00
02:26:10 AM      37      0.00      0.00      0.00      0.00      0.00    100.00
02:26:10 AM      38      0.00      0.00      0.00      0.00      0.00    100.00
02:26:10 AM      39      0.00      0.00      0.00      0.00      0.00    100.00
02:26:10 AM      40      0.00      0.00      0.00      0.00      0.00    100.00
02:26:10 AM      41      0.00      0.00      0.00      0.00      0.00    100.00
02:26:10 AM      42      0.00      0.00      0.00      0.00      0.00    100.00
02:26:10 AM      43      0.00      0.00      0.00      0.00      0.00    100.00
02:26:10 AM      44      0.00      0.00      0.00      0.00      0.00    100.00
02:26:10 AM      45      0.00      0.00      0.00      0.00      0.00    100.00
02:26:10 AM      46      0.00      0.00      0.00      0.00      0.00    100.00
02:26:10 AM      47      0.00      0.00      0.00      0.00      0.00    100.00

02:26:10 AM     CPU     %user     %nice   %system   %iowait    %steal     %idle
02:26:11 AM     all      0.00      0.00      0.02      0.00      0.00     99.98
02:26:11 AM       0      0.00      0.00      0.00      0.00      0.00    100.00
02:26:11 AM       1      0.00      0.00      0.00      0.00      0.00    100.00
02:26:11 AM       2      0.00      0.00      0.00      0.00      0.00    100.00
02:26:11 AM       3      0.00      0.00      0.00      0.00      0.00    100.00
02:26:11 AM       4      0.00      0.00      0.00      0.00      0.00    100.00
02:26:11 AM       5      0.00      0.00      0.00      0.00      0.00    100.00
02:26:11 AM       6      0.00      0.00      0.00      0.00      0.00    100.00
02:26:11 AM       7      0.00      0.00      0.00      0.00      0.00    100.00
02:26:11 AM       8      0.00      0.00      0.00      0.00      0.00    100.00
02:26:11 AM       9      0.00      0.00      0.00      0.00      0.00    100.00
02:26:11 AM      10      0.00      0.00      0.00      0.00      0.00    100.00
02:26:11 AM      11      0.00      0.00      0.00      0.00      0.00    100.00
02:26:11 AM      12      0.00      0.00      0.00      0.00      0.00    100.00
02:26:11 AM      13      0.00      0.00      0.00      0.00      0.00    100.00
02:26:11 AM      14      0.00      0.00      0.00      0.00      0.00    100.00
02:26:11 AM      15      0.00      0.00      0.00      0.00      0.00    100.00
02:26:11 AM      16      0.00      0.00      0.00      0.00      0.00    100.00
02:26:11 AM      17      0.00      0.00      0.00      0.00      0.00    100.00
02:26:11 AM      18      0.00      0.00      0.00      0.00      0.00    100.00
02:26:11 AM      19      0.00      0.00      0.00      0.00      0.00    100.00
02:26:11 AM      20      0.00      0.00      0.00      0.00      0.00    100.00
02:26:11 AM      21      0.00      0.00      0.00      0.00      0.00    100.00
02:26:11 AM      22      0.00      0.00      0.00      0.00      0.00    100.00
02:26:11 AM      23      0.00      0.00      0.00      0.00      0.00    100.00
02:26:11 AM      24      0.00      0.00      0.00      0.00      0.00    100.00
02:26:11 AM      25      0.00      0.00      0.00      0.00      0.00    100.00
02:26:11 AM      26      0.00      0.00      0.00      0.00      0.00    100.00
02:26:11 AM      27      0.00      0.00      0.00      0.00      0.00    100.00
02:26:11 AM      28      0.00      0.00      0.00      0.00      0.00    100.00
02:26:11 AM      29      0.00      0.00      0.00      0.00      0.00    100.00
02:26:11 AM      30      0.00      0.00      0.00      0.00      0.00    100.00
02:26:11 AM      31      0.00      0.00      0.00      0.00      0.00    100.00
02:26:11 AM      32      0.00      0.00      0.00      0.00      0.00    100.00
02:26:11 AM      33      0.00      0.00      0.00      0.00      0.00    100.00
02:26:11 AM      34      0.00      0.00      0.00      0.00      0.00    100.00
02:26:11 AM      35      0.00      0.00      0.00      0.00      0.00    100.00
02:26:11 AM      36      0.00      0.00      0.00      0.00      0.00    100.00
02:26:11 AM      37      0.00      0.00      1.00      0.00      0.00     99.00
02:26:11 AM      38      0.00      0.00      0.00      0.00      0.00    100.00
02:26:11 AM      39      0.00      0.00      0.00      0.00      0.00    100.00
02:26:11 AM      40      0.00      0.00      0.00      0.00      0.00    100.00
02:26:11 AM      41      0.00      0.00      0.00      0.00      0.00    100.00
02:26:11 AM      42      0.00      0.00      0.00      0.00      0.00    100.00
02:26:11 AM      43      0.00      0.00      0.00      0.00      0.00    100.00
02:26:11 AM      44      0.00      0.00      0.00      0.00      0.00    100.00
02:26:11 AM      45      0.00      0.00      0.00      0.00      0.00    100.00
02:26:11 AM      46      0.00      0.00      0.00      0.00      0.00    100.00
02:26:11 AM      47      0.00      0.00      0.00      0.00      0.00    100.00

02:26:11 AM     CPU     %user     %nice   %system   %iowait    %steal     %idle
02:26:12 AM     all      0.02      0.00      0.10      0.00      0.00     99.88
02:26:12 AM       0      0.00      0.00      0.00      0.00      0.00    100.00
02:26:12 AM       1      0.00      0.00      0.00      0.00      0.00    100.00
02:26:12 AM       2      0.00      0.00      0.00      0.00      0.00    100.00
02:26:12 AM       3      0.00      0.00      0.00      0.00      0.00    100.00
02:26:12 AM       4      0.00      0.00      0.00      0.00      0.00    100.00
02:26:12 AM       5      0.00      0.00      0.00      0.00      0.00    100.00
02:26:12 AM       6      0.00      0.00      0.00      0.00      0.00    100.00
02:26:12 AM       7      0.00      0.00      0.00      0.00      0.00    100.00
02:26:12 AM       8      0.00      0.00      0.00      0.00      0.00    100.00
02:26:12 AM       9      0.00      0.00      0.00      0.00      0.00    100.00
02:26:12 AM      10      0.00      0.00      0.00      0.00      0.00    100.00
02:26:12 AM      11      0.00      0.00      0.00      0.00      0.00    100.00
02:26:12 AM      12      0.00      0.00      0.00      0.00      0.00    100.00
02:26:12 AM      13      0.00      0.00      0.00      0.00      0.00    100.00
02:26:12 AM      14      0.00      0.00      0.00      0.00      0.00    100.00
02:26:12 AM      15      0.00      0.00      0.00      0.00      0.00    100.00
02:26:12 AM      16      0.99      0.00      0.00      0.00      0.00     99.01
02:26:12 AM      17      0.00      0.00      0.00      0.00      0.00    100.00
02:26:12 AM      18      0.00      0.00      0.00      0.00      0.00    100.00
02:26:12 AM      19      0.00      0.00      0.00      0.00      0.00    100.00
02:26:12 AM      20      0.00      0.00      0.00      0.00      0.00    100.00
02:26:12 AM      21      0.00      0.00      0.00      0.00      0.00    100.00
02:26:12 AM      22      0.00      0.00      0.00      0.00      0.00    100.00
02:26:12 AM      23      0.00      0.00      0.00      0.00      0.00    100.00
02:26:12 AM      24      0.00      0.00      0.00      0.00      0.00    100.00
02:26:12 AM      25      0.99      0.00      2.97      0.00      0.00     96.04
02:26:12 AM      26      0.00      0.00      0.00      0.00      0.00    100.00
02:26:12 AM      27      0.00      0.00      0.00      0.00      0.00    100.00
02:26:12 AM      28      0.00      0.00      0.00      0.00      0.00    100.00
02:26:12 AM      29      0.00      0.00      0.00      0.00      0.00    100.00
02:26:12 AM      30      0.00      0.00      0.00      0.00      0.00    100.00
02:26:12 AM      31      0.00      0.00      0.00      0.00      0.00    100.00
02:26:12 AM      32      0.00      0.00      0.00      0.00      0.00    100.00
02:26:12 AM      33      0.00      0.00      0.00      0.00      0.00    100.00
02:26:12 AM      34      0.00      0.00      0.00      0.00      0.00    100.00
02:26:12 AM      35      0.00      0.00      0.00      0.00      0.00    100.00
02:26:12 AM      36      0.00      0.00      0.00      0.00      0.00    100.00
02:26:12 AM      37      0.00      0.00      1.98      0.00      0.00     98.02
02:26:12 AM      38      0.00      0.00      0.00      0.00      0.00    100.00
02:26:12 AM      39      0.00      0.00      0.00      0.00      0.00    100.00
02:26:12 AM      40      0.00      0.00      0.00      0.00      0.00    100.00
02:26:12 AM      41      0.00      0.00      0.00      0.00      0.00    100.00
02:26:12 AM      42      0.00      0.00      0.00      0.00      0.00    100.00
02:26:12 AM      43      0.00      0.00      0.00      0.00      0.00    100.00
02:26:12 AM      44      0.00      0.00      0.00      0.00      0.00    100.00
02:26:12 AM      45      0.00      0.00      0.00      0.00      0.00    100.00
02:26:12 AM      46      0.00      0.00      0.00      0.00      0.00    100.00
02:26:12 AM      47      0.00      0.00      0.00      0.00      0.00    100.00

Average:        CPU     %user     %nice   %system   %iowait    %steal     %idle
Average:        all      0.31      0.00      0.87      0.01      0.00     98.81
Average:          0     14.79      0.00     40.16      0.07      0.00     44.98
Average:          1      0.00      0.00      0.00      0.00      0.00    100.00
Average:          2      0.00      0.00      0.00      0.00      0.00    100.00
Average:          3      0.00      0.00      0.00      0.00      0.00    100.00
Average:          4      0.00      0.00      0.00      0.00      0.00    100.00
Average:          5      0.00      0.00      0.00      0.00      0.00    100.00
Average:          6      0.00      0.00      0.00      0.00      0.00    100.00
Average:          7      0.00      0.00      0.00      0.00      0.00    100.00
Average:          8      0.00      0.00      0.00      0.00      0.00    100.00
Average:          9      0.00      0.00      0.00      0.00      0.00    100.00
Average:         10      0.00      0.00      0.00      0.33      0.00     99.67
Average:         11      0.00      0.00      0.07      0.00      0.00     99.93
Average:         12      0.00      0.00      0.00      0.00      0.00    100.00
Average:         13      0.00      0.00      0.00      0.00      0.00    100.00
Average:         14      0.00      0.00      0.07      0.00      0.00     99.93
Average:         15      0.00      0.00      0.00      0.00      0.00    100.00
Average:         16      0.07      0.00      0.00      0.00      0.00     99.93
Average:         17      0.07      0.00      0.00      0.00      0.00     99.93
Average:         18      0.00      0.00      0.00      0.00      0.00    100.00
Average:         19      0.00      0.00      0.00      0.00      0.00    100.00
Average:         20      0.00      0.00      0.07      0.07      0.00     99.87
Average:         21      0.00      0.00      0.07      0.00      0.00     99.93
Average:         22      0.00      0.00      0.00      0.00      0.00    100.00
Average:         23      0.00      0.00      0.00      0.00      0.00    100.00
Average:         24      0.00      0.00      0.00      0.00      0.00    100.00
Average:         25      0.07      0.00      0.20      0.00      0.00     99.73
Average:         26      0.00      0.00      0.00      0.00      0.00    100.00
Average:         27      0.00      0.00      0.00      0.00      0.00    100.00
Average:         28      0.00      0.00      0.00      0.00      0.00    100.00
Average:         29      0.00      0.00      0.00      0.00      0.00    100.00
Average:         30      0.00      0.00      0.00      0.00      0.00    100.00
Average:         31      0.00      0.00      0.00      0.00      0.00    100.00
Average:         32      0.00      0.00      0.00      0.00      0.00    100.00
Average:         33      0.00      0.00      0.00      0.00      0.00    100.00
Average:         34      0.00      0.00      0.00      0.00      0.00    100.00
Average:         35      0.00      0.00      0.00      0.00      0.00    100.00
Average:         36      0.00      0.00      0.00      0.00      0.00    100.00
Average:         37      0.00      0.00      0.93      0.00      0.00     99.07
Average:         38      0.00      0.00      0.00      0.00      0.00    100.00
Average:         39      0.07      0.00      0.13      0.00      0.00     99.80
Average:         40      0.00      0.00      0.00      0.00      0.00    100.00
Average:         41      0.00      0.00      0.00      0.00      0.00    100.00
Average:         42      0.00      0.00      0.00      0.00      0.00    100.00
Average:         43      0.00      0.00      0.00      0.00      0.00    100.00
Average:         44      0.00      0.00      0.00      0.00      0.00    100.00
Average:         45      0.00      0.00      0.00      0.00      0.00    100.00
Average:         46      0.00      0.00      0.00      0.00      0.00    100.00
Average:         47      0.00      0.00      0.00      0.00      0.00    100.00
