Linux 3.10.0-514.el7.x86_64 (localhost.localdomain) 	02/19/2020 	_x86_64_	(48 CPU)

12:56:54 AM     CPU     %user     %nice   %system   %iowait    %steal     %idle
12:56:55 AM     all      0.00      0.00      0.02      0.00      0.00     99.98
12:56:55 AM       0      0.00      0.00      0.00      0.00      0.00    100.00
12:56:55 AM       1      0.00      0.00      0.00      0.00      0.00    100.00
12:56:55 AM       2      0.00      0.00      0.99      0.00      0.00     99.01
12:56:55 AM       3      0.00      0.00      0.00      0.00      0.00    100.00
12:56:55 AM       4      0.00      0.00      0.00      0.00      0.00    100.00
12:56:55 AM       5      0.00      0.00      0.00      0.00      0.00    100.00
12:56:55 AM       6      0.00      0.00      0.00      0.00      0.00    100.00
12:56:55 AM       7      0.00      0.00      0.00      0.00      0.00    100.00
12:56:55 AM       8      0.00      0.00      0.00      0.00      0.00    100.00
12:56:55 AM       9      0.00      0.00      0.00      0.00      0.00    100.00
12:56:55 AM      10      0.00      0.00      0.00      0.00      0.00    100.00
12:56:55 AM      11      0.00      0.00      0.00      0.00      0.00    100.00
12:56:55 AM      12      0.00      0.00      0.00      0.00      0.00    100.00
12:56:55 AM      13      0.00      0.00      0.00      0.00      0.00    100.00
12:56:55 AM      14      0.00      0.00      0.00      0.00      0.00    100.00
12:56:55 AM      15      0.00      0.00      0.00      0.00      0.00    100.00
12:56:55 AM      16      0.00      0.00      0.00      0.00      0.00    100.00
12:56:55 AM      17      0.00      0.00      0.00      0.00      0.00    100.00
12:56:55 AM      18      0.00      0.00      0.00      0.00      0.00    100.00
12:56:55 AM      19      0.00      0.00      0.00      0.00      0.00    100.00
12:56:55 AM      20      0.00      0.00      0.00      0.00      0.00    100.00
12:56:55 AM      21      0.00      0.00      0.00      0.00      0.00    100.00
12:56:55 AM      22      0.00      0.00      0.00      0.00      0.00    100.00
12:56:55 AM      23      0.00      0.00      0.00      0.00      0.00    100.00
12:56:55 AM      24      0.00      0.00      0.00      0.00      0.00    100.00
12:56:55 AM      25      0.00      0.00      1.00      0.00      0.00     99.00
12:56:55 AM      26      0.00      0.00      0.00      0.00      0.00    100.00
12:56:55 AM      27      0.00      0.00      0.00      0.00      0.00    100.00
12:56:55 AM      28      0.00      0.00      0.00      0.00      0.00    100.00
12:56:55 AM      29      0.00      0.00      0.00      0.00      0.00    100.00
12:56:55 AM      30      0.00      0.00      0.00      0.00      0.00    100.00
12:56:55 AM      31      0.00      0.00      0.00      0.00      0.00    100.00
12:56:55 AM      32      0.00      0.00      0.00      0.00      0.00    100.00
12:56:55 AM      33      0.00      0.00      0.00      0.00      0.00    100.00
12:56:55 AM      34      0.00      0.00      0.00      0.00      0.00    100.00
12:56:55 AM      35      0.00      0.00      0.00      0.00      0.00    100.00
12:56:55 AM      36      0.00      0.00      0.00      0.00      0.00    100.00
12:56:55 AM      37      0.00      0.00      0.00      0.00      0.00    100.00
12:56:55 AM      38      0.00      0.00      0.00      0.00      0.00    100.00
12:56:55 AM      39      0.00      0.00      0.00      0.00      0.00    100.00
12:56:55 AM      40      0.00      0.00      0.00      0.00      0.00    100.00
12:56:55 AM      41      0.00      0.00      0.00      0.00      0.00    100.00
12:56:55 AM      42      0.00      0.00      0.00      0.00      0.00    100.00
12:56:55 AM      43      0.00      0.00      0.00      0.00      0.00    100.00
12:56:55 AM      44      0.00      0.00      0.00      0.00      0.00    100.00
12:56:55 AM      45      0.00      0.00      0.00      0.00      0.00    100.00
12:56:55 AM      46      0.00      0.00      0.00      0.00      0.00    100.00
12:56:55 AM      47      0.00      0.00      0.00      0.00      0.00    100.00

12:56:55 AM     CPU     %user     %nice   %system   %iowait    %steal     %idle
12:56:56 AM     all      0.00      0.00      0.02      0.00      0.00     99.98
12:56:56 AM       0      0.00      0.00      0.00      0.00      0.00    100.00
12:56:56 AM       1      0.00      0.00      0.00      0.00      0.00    100.00
12:56:56 AM       2      0.00      0.00      0.00      0.00      0.00    100.00
12:56:56 AM       3      0.00      0.00      0.00      0.00      0.00    100.00
12:56:56 AM       4      0.00      0.00      0.00      0.00      0.00    100.00
12:56:56 AM       5      0.00      0.00      0.00      0.00      0.00    100.00
12:56:56 AM       6      0.00      0.00      0.00      0.00      0.00    100.00
12:56:56 AM       7      0.00      0.00      0.00      0.00      0.00    100.00
12:56:56 AM       8      0.00      0.00      0.00      0.00      0.00    100.00
12:56:56 AM       9      0.00      0.00      0.00      0.00      0.00    100.00
12:56:56 AM      10      0.00      0.00      0.00      0.00      0.00    100.00
12:56:56 AM      11      0.00      0.00      0.00      0.00      0.00    100.00
12:56:56 AM      12      0.00      0.00      0.00      0.00      0.00    100.00
12:56:56 AM      13      0.00      0.00      0.00      0.00      0.00    100.00
12:56:56 AM      14      0.00      0.00      0.00      0.00      0.00    100.00
12:56:56 AM      15      0.00      0.00      0.00      0.00      0.00    100.00
12:56:56 AM      16      0.00      0.00      0.00      0.00      0.00    100.00
12:56:56 AM      17      0.00      0.00      0.00      0.00      0.00    100.00
12:56:56 AM      18      0.00      0.00      0.00      0.00      0.00    100.00
12:56:56 AM      19      0.00      0.00      0.00      0.00      0.00    100.00
12:56:56 AM      20      0.00      0.00      0.00      0.00      0.00    100.00
12:56:56 AM      21      0.00      0.00      0.00      0.00      0.00    100.00
12:56:56 AM      22      0.00      0.00      0.00      0.00      0.00    100.00
12:56:56 AM      23      0.00      0.00      0.00      0.00      0.00    100.00
12:56:56 AM      24      0.00      0.00      0.00      0.00      0.00    100.00
12:56:56 AM      25      0.00      0.00      1.00      0.00      0.00     99.00
12:56:56 AM      26      0.00      0.00      0.00      0.00      0.00    100.00
12:56:56 AM      27      0.00      0.00      0.00      0.00      0.00    100.00
12:56:56 AM      28      0.00      0.00      0.00      0.00      0.00    100.00
12:56:56 AM      29      0.00      0.00      0.00      0.00      0.00    100.00
12:56:56 AM      30      0.00      0.00      0.00      0.00      0.00    100.00
12:56:56 AM      31      0.00      0.00      0.00      0.00      0.00    100.00
12:56:56 AM      32      0.00      0.00      0.00      0.00      0.00    100.00
12:56:56 AM      33      0.00      0.00      0.00      0.00      0.00    100.00
12:56:56 AM      34      0.00      0.00      0.00      0.00      0.00    100.00
12:56:56 AM      35      0.00      0.00      0.00      0.00      0.00    100.00
12:56:56 AM      36      0.00      0.00      0.00      0.00      0.00    100.00
12:56:56 AM      37      0.00      0.00      0.00      0.00      0.00    100.00
12:56:56 AM      38      0.00      0.00      0.00      0.00      0.00    100.00
12:56:56 AM      39      0.00      0.00      0.00      0.00      0.00    100.00
12:56:56 AM      40      0.00      0.00      0.00      0.00      0.00    100.00
12:56:56 AM      41      0.00      0.00      0.00      0.00      0.00    100.00
12:56:56 AM      42      0.00      0.00      0.00      0.00      0.00    100.00
12:56:56 AM      43      0.00      0.00      0.00      0.00      0.00    100.00
12:56:56 AM      44      0.00      0.00      0.00      0.00      0.00    100.00
12:56:56 AM      45      0.00      0.00      0.00      0.00      0.00    100.00
12:56:56 AM      46      0.00      0.00      0.00      0.00      0.00    100.00
12:56:56 AM      47      0.00      0.00      0.00      0.00      0.00    100.00

12:56:56 AM     CPU     %user     %nice   %system   %iowait    %steal     %idle
12:56:57 AM     all      0.25      0.00      0.98      0.00      0.00     98.76
12:56:57 AM       0     12.00      0.00     46.00      0.00      0.00     42.00
12:56:57 AM       1      0.00      0.00      0.00      0.00      0.00    100.00
12:56:57 AM       2      0.00      0.00      0.00      0.00      0.00    100.00
12:56:57 AM       3      0.00      0.00      0.00      0.00      0.00    100.00
12:56:57 AM       4      0.00      0.00      0.00      0.00      0.00    100.00
12:56:57 AM       5      0.00      0.00      0.00      0.00      0.00    100.00
12:56:57 AM       6      0.00      0.00      0.00      0.00      0.00    100.00
12:56:57 AM       7      0.00      0.00      0.00      0.00      0.00    100.00
12:56:57 AM       8      0.00      0.00      0.00      0.00      0.00    100.00
12:56:57 AM       9      0.00      0.00      0.00      0.00      0.00    100.00
12:56:57 AM      10      0.00      0.00      0.00      0.00      0.00    100.00
12:56:57 AM      11      0.00      0.00      0.00      0.00      0.00    100.00
12:56:57 AM      12      0.00      0.00      0.00      0.00      0.00    100.00
12:56:57 AM      13      0.00      0.00      0.00      0.00      0.00    100.00
12:56:57 AM      14      0.00      0.00      0.00      0.00      0.00    100.00
12:56:57 AM      15      0.00      0.00      0.00      0.00      0.00    100.00
12:56:57 AM      16      0.00      0.00      0.00      0.00      0.00    100.00
12:56:57 AM      17      0.00      0.00      0.00      0.00      0.00    100.00
12:56:57 AM      18      0.00      0.00      0.00      0.00      0.00    100.00
12:56:57 AM      19      0.00      0.00      0.00      0.00      0.00    100.00
12:56:57 AM      20      0.00      0.00      0.00      0.00      0.00    100.00
12:56:57 AM      21      0.00      0.00      0.00      0.00      0.00    100.00
12:56:57 AM      22      0.00      0.00      0.00      0.00      0.00    100.00
12:56:57 AM      23      0.00      0.00      0.00      0.00      0.00    100.00
12:56:57 AM      24      0.00      0.00      0.00      0.00      0.00    100.00
12:56:57 AM      25      0.00      0.00      0.00      0.00      0.00    100.00
12:56:57 AM      26      0.00      0.00      0.00      0.00      0.00    100.00
12:56:57 AM      27      0.00      0.00      0.00      0.00      0.00    100.00
12:56:57 AM      28      0.00      0.00      0.00      0.00      0.00    100.00
12:56:57 AM      29      0.00      0.00      0.00      0.00      0.00    100.00
12:56:57 AM      30      0.00      0.00      0.00      0.00      0.00    100.00
12:56:57 AM      31      0.00      0.00      0.00      0.00      0.00    100.00
12:56:57 AM      32      0.00      0.00      0.00      0.00      0.00    100.00
12:56:57 AM      33      0.00      0.00      0.00      0.00      0.00    100.00
12:56:57 AM      34      0.00      0.00      0.00      0.00      0.00    100.00
12:56:57 AM      35      0.00      0.00      0.00      0.00      0.00    100.00
12:56:57 AM      36      0.00      0.00      0.00      0.00      0.00    100.00
12:56:57 AM      37      0.00      0.00      0.00      0.00      0.00    100.00
12:56:57 AM      38      0.00      0.00      0.00      0.00      0.00    100.00
12:56:57 AM      39      0.00      0.00      0.00      0.00      0.00    100.00
12:56:57 AM      40      0.00      0.00      0.00      0.00      0.00    100.00
12:56:57 AM      41      0.00      0.00      0.00      0.00      0.00    100.00
12:56:57 AM      42      0.00      0.00      0.00      0.00      0.00    100.00
12:56:57 AM      43      0.00      0.00      0.00      0.00      0.00    100.00
12:56:57 AM      44      0.00      0.00      0.00      0.00      0.00    100.00
12:56:57 AM      45      0.00      0.00      0.00      0.00      0.00    100.00
12:56:57 AM      46      0.00      0.00      0.00      0.00      0.00    100.00
12:56:57 AM      47      0.00      0.00      0.00      0.00      0.00    100.00

12:56:57 AM     CPU     %user     %nice   %system   %iowait    %steal     %idle
12:56:58 AM     all      0.27      0.00      1.13      0.00      0.00     98.59
12:56:58 AM       0     13.27      0.00     54.08      0.00      0.00     32.65
12:56:58 AM       1      0.00      0.00      0.00      0.00      0.00    100.00
12:56:58 AM       2      0.00      0.00      0.00      0.00      0.00    100.00
12:56:58 AM       3      0.00      0.00      0.00      0.00      0.00    100.00
12:56:58 AM       4      0.00      0.00      0.00      0.00      0.00    100.00
12:56:58 AM       5      0.00      0.00      0.00      0.00      0.00    100.00
12:56:58 AM       6      0.00      0.00      0.00      0.00      0.00    100.00
12:56:58 AM       7      0.00      0.00      0.00      0.00      0.00    100.00
12:56:58 AM       8      0.00      0.00      1.49      0.00      0.00     98.51
12:56:58 AM       9      0.00      0.00      0.00      0.00      0.00    100.00
12:56:58 AM      10      0.00      0.00      0.00      0.00      0.00    100.00
12:56:58 AM      11      0.00      0.00      0.00      0.00      0.00    100.00
12:56:58 AM      12      0.00      0.00      0.00      0.00      0.00    100.00
12:56:58 AM      13      0.00      0.00      0.00      0.00      0.00    100.00
12:56:58 AM      14      0.00      0.00      0.00      0.00      0.00    100.00
12:56:58 AM      15      0.00      0.00      0.00      0.00      0.00    100.00
12:56:58 AM      16      0.00      0.00      0.00      0.00      0.00    100.00
12:56:58 AM      17      0.00      0.00      0.00      0.00      0.00    100.00
12:56:58 AM      18      0.00      0.00      0.00      0.00      0.00    100.00
12:56:58 AM      19      0.00      0.00      0.00      0.00      0.00    100.00
12:56:58 AM      20      0.00      0.00      0.00      0.00      0.00    100.00
12:56:58 AM      21      0.00      0.00      0.00      0.00      0.00    100.00
12:56:58 AM      22      0.00      0.00      0.00      0.00      0.00    100.00
12:56:58 AM      23      0.00      0.00      0.00      0.00      0.00    100.00
12:56:58 AM      24      0.00      0.00      0.00      0.00      0.00    100.00
12:56:58 AM      25      0.00      0.00      1.00      0.00      0.00     99.00
12:56:58 AM      26      0.00      0.00      0.00      0.00      0.00    100.00
12:56:58 AM      27      0.00      0.00      0.00      0.00      0.00    100.00
12:56:58 AM      28      0.00      0.00      0.00      0.00      0.00    100.00
12:56:58 AM      29      0.00      0.00      0.00      0.00      0.00    100.00
12:56:58 AM      30      0.00      0.00      0.00      0.00      0.00    100.00
12:56:58 AM      31      0.00      0.00      0.00      0.00      0.00    100.00
12:56:58 AM      32      0.00      0.00      0.00      0.00      0.00    100.00
12:56:58 AM      33      0.00      0.00      0.00      0.00      0.00    100.00
12:56:58 AM      34      0.00      0.00      0.00      0.00      0.00    100.00
12:56:58 AM      35      0.00      0.00      0.00      0.00      0.00    100.00
12:56:58 AM      36      0.00      0.00      0.00      0.00      0.00    100.00
12:56:58 AM      37      0.00      0.00      0.00      0.00      0.00    100.00
12:56:58 AM      38      0.00      0.00      0.00      0.00      0.00    100.00
12:56:58 AM      39      0.00      0.00      0.00      0.00      0.00    100.00
12:56:58 AM      40      0.00      0.00      0.00      0.00      0.00    100.00
12:56:58 AM      41      0.00      0.00      0.00      0.00      0.00    100.00
12:56:58 AM      42      0.00      0.00      0.00      0.00      0.00    100.00
12:56:58 AM      43      0.00      0.00      0.00      0.00      0.00    100.00
12:56:58 AM      44      0.00      0.00      0.00      0.00      0.00    100.00
12:56:58 AM      45      0.00      0.00      0.00      0.00      0.00    100.00
12:56:58 AM      46      0.00      0.00      0.00      0.00      0.00    100.00
12:56:58 AM      47      0.00      0.00      0.00      0.00      0.00    100.00

12:56:58 AM     CPU     %user     %nice   %system   %iowait    %steal     %idle
12:56:59 AM     all      0.23      0.00      1.18      0.00      0.00     98.59
12:56:59 AM       0     12.24      0.00     56.12      0.00      0.00     31.63
12:56:59 AM       1      0.00      0.00      0.00      0.00      0.00    100.00
12:56:59 AM       2      0.00      0.00      0.00      0.00      0.00    100.00
12:56:59 AM       3      0.00      0.00      0.00      0.00      0.00    100.00
12:56:59 AM       4      0.00      0.00      0.00      0.00      0.00    100.00
12:56:59 AM       5      0.00      0.00      0.00      0.00      0.00    100.00
12:56:59 AM       6      0.00      0.00      0.00      0.00      0.00    100.00
12:56:59 AM       7      0.00      0.00      0.00      0.00      0.00    100.00
12:56:59 AM       8      0.00      0.00      0.00      0.00      0.00    100.00
12:56:59 AM       9      0.00      0.00      0.00      0.00      0.00    100.00
12:56:59 AM      10      0.00      0.00      0.00      0.00      0.00    100.00
12:56:59 AM      11      0.00      0.00      0.00      0.00      0.00    100.00
12:56:59 AM      12      0.00      0.00      0.00      0.00      0.00    100.00
12:56:59 AM      13      0.00      0.00      0.00      0.00      0.00    100.00
12:56:59 AM      14      0.00      0.00      0.00      0.00      0.00    100.00
12:56:59 AM      15      0.00      0.00      0.00      0.00      0.00    100.00
12:56:59 AM      16      0.00      0.00      0.00      0.00      0.00    100.00
12:56:59 AM      17      0.00      0.00      0.00      0.00      0.00    100.00
12:56:59 AM      18      0.00      0.00      0.00      0.00      0.00    100.00
12:56:59 AM      19      0.00      0.00      0.00      0.00      0.00    100.00
12:56:59 AM      20      0.00      0.00      0.00      0.00      0.00    100.00
12:56:59 AM      21      0.00      0.00      0.00      0.00      0.00    100.00
12:56:59 AM      22      0.00      0.00      0.00      0.00      0.00    100.00
12:56:59 AM      23      0.00      0.00      0.00      0.00      0.00    100.00
12:56:59 AM      24      0.00      0.00      0.00      0.00      0.00    100.00
12:56:59 AM      25      0.00      0.00      0.99      0.00      0.00     99.01
12:56:59 AM      26      0.00      0.00      0.00      0.00      0.00    100.00
12:56:59 AM      27      0.00      0.00      0.00      0.00      0.00    100.00
12:56:59 AM      28      0.00      0.00      0.00      0.00      0.00    100.00
12:56:59 AM      29      0.00      0.00      0.00      0.00      0.00    100.00
12:56:59 AM      30      0.00      0.00      0.00      0.00      0.00    100.00
12:56:59 AM      31      0.00      0.00      0.00      0.00      0.00    100.00
12:56:59 AM      32      0.00      0.00      0.00      0.00      0.00    100.00
12:56:59 AM      33      0.00      0.00      0.00      0.00      0.00    100.00
12:56:59 AM      34      0.00      0.00      0.00      0.00      0.00    100.00
12:56:59 AM      35      0.00      0.00      0.00      0.00      0.00    100.00
12:56:59 AM      36      0.00      0.00      0.00      0.00      0.00    100.00
12:56:59 AM      37      0.00      0.00      0.00      0.00      0.00    100.00
12:56:59 AM      38      0.00      0.00      0.00      0.00      0.00    100.00
12:56:59 AM      39      0.00      0.00      0.00      0.00      0.00    100.00
12:56:59 AM      40      0.00      0.00      0.00      0.00      0.00    100.00
12:56:59 AM      41      0.00      0.00      0.00      0.00      0.00    100.00
12:56:59 AM      42      0.00      0.00      0.00      0.00      0.00    100.00
12:56:59 AM      43      0.00      0.00      0.00      0.00      0.00    100.00
12:56:59 AM      44      0.00      0.00      0.00      0.00      0.00    100.00
12:56:59 AM      45      0.00      0.00      0.00      0.00      0.00    100.00
12:56:59 AM      46      0.00      0.00      0.00      0.00      0.00    100.00
12:56:59 AM      47      0.00      0.00      0.00      0.00      0.00    100.00

12:56:59 AM     CPU     %user     %nice   %system   %iowait    %steal     %idle
12:57:00 AM     all      0.38      0.00      1.16      0.06      0.00     98.40
12:57:00 AM       0     12.63      0.00     54.74      0.00      0.00     32.63
12:57:00 AM       1      1.00      0.00      0.00      3.00      0.00     96.00
12:57:00 AM       2      3.03      0.00      1.01      0.00      0.00     95.96
12:57:00 AM       3      0.00      0.00      0.00      0.00      0.00    100.00
12:57:00 AM       4      0.00      0.00      0.00      0.00      0.00    100.00
12:57:00 AM       5      0.00      0.00      0.00      0.00      0.00    100.00
12:57:00 AM       6      0.00      0.00      0.00      0.00      0.00    100.00
12:57:00 AM       7      0.00      0.00      0.00      0.00      0.00    100.00
12:57:00 AM       8      0.00      0.00      0.00      0.00      0.00    100.00
12:57:00 AM       9      0.00      0.00      0.00      0.00      0.00    100.00
12:57:00 AM      10      0.00      0.00      0.00      0.00      0.00    100.00
12:57:00 AM      11      0.00      0.00      0.00      0.00      0.00    100.00
12:57:00 AM      12      0.00      0.00      0.00      0.00      0.00    100.00
12:57:00 AM      13      0.00      0.00      0.00      0.00      0.00    100.00
12:57:00 AM      14      0.00      0.00      0.00      0.00      0.00    100.00
12:57:00 AM      15      0.00      0.00      0.00      0.00      0.00    100.00
12:57:00 AM      16      0.00      0.00      0.00      0.00      0.00    100.00
12:57:00 AM      17      0.00      0.00      0.00      0.00      0.00    100.00
12:57:00 AM      18      0.00      0.00      0.00      0.00      0.00    100.00
12:57:00 AM      19      0.00      0.00      0.00      0.00      0.00    100.00
12:57:00 AM      20      0.00      0.00      0.00      0.00      0.00    100.00
12:57:00 AM      21      0.00      0.00      0.00      0.00      0.00    100.00
12:57:00 AM      22      0.00      0.00      0.99      0.00      0.00     99.01
12:57:00 AM      23      0.00      0.00      0.00      0.00      0.00    100.00
12:57:00 AM      24      0.00      0.00      0.00      0.00      0.00    100.00
12:57:00 AM      25      0.00      0.00      1.00      0.00      0.00     99.00
12:57:00 AM      26      0.00      0.00      0.00      0.00      0.00    100.00
12:57:00 AM      27      0.00      0.00      0.00      0.00      0.00    100.00
12:57:00 AM      28      0.00      0.00      0.00      0.00      0.00    100.00
12:57:00 AM      29      0.00      0.00      0.00      0.00      0.00    100.00
12:57:00 AM      30      0.00      0.00      0.00      0.00      0.00    100.00
12:57:00 AM      31      0.00      0.00      0.00      0.00      0.00    100.00
12:57:00 AM      32      0.00      0.00      0.00      0.00      0.00    100.00
12:57:00 AM      33      0.00      0.00      0.00      0.00      0.00    100.00
12:57:00 AM      34      0.00      0.00      0.00      0.00      0.00    100.00
12:57:00 AM      35      0.99      0.00      0.00      0.00      0.00     99.01
12:57:00 AM      36      0.00      0.00      0.00      0.00      0.00    100.00
12:57:00 AM      37      0.00      0.00      0.00      0.00      0.00    100.00
12:57:00 AM      38      0.00      0.00      0.00      0.00      0.00    100.00
12:57:00 AM      39      0.00      0.00      0.00      0.00      0.00    100.00
12:57:00 AM      40      0.00      0.00      0.00      0.00      0.00    100.00
12:57:00 AM      41      0.00      0.00      0.00      0.00      0.00    100.00
12:57:00 AM      42      0.00      0.00      0.00      0.00      0.00    100.00
12:57:00 AM      43      0.00      0.00      0.00      0.00      0.00    100.00
12:57:00 AM      44      0.00      0.00      0.00      0.00      0.00    100.00
12:57:00 AM      45      0.00      0.00      0.00      0.00      0.00    100.00
12:57:00 AM      46      0.00      0.00      0.00      0.00      0.00    100.00
12:57:00 AM      47      0.00      0.00      0.00      0.00      0.00    100.00

12:57:00 AM     CPU     %user     %nice   %system   %iowait    %steal     %idle
12:57:01 AM     all      0.29      0.00      1.17      0.00      0.00     98.53
12:57:01 AM       0     14.00      0.00     55.00      0.00      0.00     31.00
12:57:01 AM       1      0.00      0.00      0.00      0.00      0.00    100.00
12:57:01 AM       2      0.00      0.00      0.00      0.00      0.00    100.00
12:57:01 AM       3      0.00      0.00      0.00      0.00      0.00    100.00
12:57:01 AM       4      0.00      0.00      0.00      0.00      0.00    100.00
12:57:01 AM       5      0.00      0.00      0.00      0.00      0.00    100.00
12:57:01 AM       6      0.00      0.00      0.00      0.00      0.00    100.00
12:57:01 AM       7      0.00      0.00      0.00      0.00      0.00    100.00
12:57:01 AM       8      0.00      0.00      0.00      0.00      0.00    100.00
12:57:01 AM       9      0.00      0.00      0.00      0.00      0.00    100.00
12:57:01 AM      10      0.00      0.00      0.00      0.00      0.00    100.00
12:57:01 AM      11      0.00      0.00      0.00      0.00      0.00    100.00
12:57:01 AM      12      0.00      0.00      0.00      0.00      0.00    100.00
12:57:01 AM      13      0.00      0.00      0.00      0.00      0.00    100.00
12:57:01 AM      14      0.00      0.00      0.00      0.00      0.00    100.00
12:57:01 AM      15      0.00      0.00      0.00      0.00      0.00    100.00
12:57:01 AM      16      0.00      0.00      0.00      0.00      0.00    100.00
12:57:01 AM      17      0.00      0.00      0.00      0.00      0.00    100.00
12:57:01 AM      18      0.00      0.00      0.00      0.00      0.00    100.00
12:57:01 AM      19      0.00      0.00      0.00      0.00      0.00    100.00
12:57:01 AM      20      0.00      0.00      0.00      0.00      0.00    100.00
12:57:01 AM      21      0.00      0.00      0.00      0.00      0.00    100.00
12:57:01 AM      22      0.00      0.00      0.00      0.00      0.00    100.00
12:57:01 AM      23      0.00      0.00      0.00      0.00      0.00    100.00
12:57:01 AM      24      0.00      0.00      0.00      0.00      0.00    100.00
12:57:01 AM      25      0.00      0.00      1.00      0.00      0.00     99.00
12:57:01 AM      26      0.00      0.00      0.00      0.00      0.00    100.00
12:57:01 AM      27      0.00      0.00      0.00      0.00      0.00    100.00
12:57:01 AM      28      0.00      0.00      0.00      0.00      0.00    100.00
12:57:01 AM      29      0.00      0.00      0.00      0.00      0.00    100.00
12:57:01 AM      30      0.00      0.00      0.00      0.00      0.00    100.00
12:57:01 AM      31      0.00      0.00      0.00      0.00      0.00    100.00
12:57:01 AM      32      0.00      0.00      0.00      0.00      0.00    100.00
12:57:01 AM      33      0.00      0.00      0.00      0.00      0.00    100.00
12:57:01 AM      34      0.00      0.00      0.00      0.00      0.00    100.00
12:57:01 AM      35      0.00      0.00      0.00      0.00      0.00    100.00
12:57:01 AM      36      0.00      0.00      0.00      0.00      0.00    100.00
12:57:01 AM      37      0.00      0.00      0.00      0.00      0.00    100.00
12:57:01 AM      38      0.00      0.00      0.00      0.00      0.00    100.00
12:57:01 AM      39      0.00      0.00      0.00      0.00      0.00    100.00
12:57:01 AM      40      0.00      0.00      0.00      0.00      0.00    100.00
12:57:01 AM      41      0.00      0.00      0.00      0.00      0.00    100.00
12:57:01 AM      42      0.00      0.00      0.00      0.00      0.00    100.00
12:57:01 AM      43      0.00      0.00      0.00      0.00      0.00    100.00
12:57:01 AM      44      0.00      0.00      0.00      0.00      0.00    100.00
12:57:01 AM      45      0.00      0.00      0.00      0.00      0.00    100.00
12:57:01 AM      46      0.00      0.00      0.00      0.00      0.00    100.00
12:57:01 AM      47      0.00      0.00      0.00      0.00      0.00    100.00

12:57:01 AM     CPU     %user     %nice   %system   %iowait    %steal     %idle
12:57:02 AM     all      0.23      0.00      1.20      0.00      0.00     98.57
12:57:02 AM       0     11.11      0.00     56.57      0.00      0.00     32.32
12:57:02 AM       1      0.00      0.00      0.00      0.00      0.00    100.00
12:57:02 AM       2      0.00      0.00      0.00      0.00      0.00    100.00
12:57:02 AM       3      0.00      0.00      0.00      0.00      0.00    100.00
12:57:02 AM       4      0.00      0.00      0.00      0.00      0.00    100.00
12:57:02 AM       5      0.00      0.00      0.00      0.00      0.00    100.00
12:57:02 AM       6      0.00      0.00      0.00      0.00      0.00    100.00
12:57:02 AM       7      0.00      0.00      0.00      0.00      0.00    100.00
12:57:02 AM       8      0.00      0.00      0.00      0.00      0.00    100.00
12:57:02 AM       9      0.00      0.00      0.00      0.00      0.00    100.00
12:57:02 AM      10      0.00      0.00      0.00      0.00      0.00    100.00
12:57:02 AM      11      0.00      0.00      0.00      0.00      0.00    100.00
12:57:02 AM      12      0.00      0.00      0.00      0.00      0.00    100.00
12:57:02 AM      13      0.00      0.00      0.00      0.00      0.00    100.00
12:57:02 AM      14      0.00      0.00      0.00      0.00      0.00    100.00
12:57:02 AM      15      0.00      0.00      0.00      0.00      0.00    100.00
12:57:02 AM      16      0.00      0.00      0.00      0.00      0.00    100.00
12:57:02 AM      17      0.00      0.00      0.00      0.00      0.00    100.00
12:57:02 AM      18      0.00      0.00      0.00      0.00      0.00    100.00
12:57:02 AM      19      0.00      0.00      0.00      0.00      0.00    100.00
12:57:02 AM      20      0.00      0.00      0.00      0.00      0.00    100.00
12:57:02 AM      21      0.00      0.00      0.00      0.00      0.00    100.00
12:57:02 AM      22      0.00      0.00      0.00      0.00      0.00    100.00
12:57:02 AM      23      0.00      0.00      0.00      0.00      0.00    100.00
12:57:02 AM      24      0.00      0.00      0.00      0.00      0.00    100.00
12:57:02 AM      25      0.00      0.00      0.00      0.00      0.00    100.00
12:57:02 AM      26      0.00      0.00      0.00      0.00      0.00    100.00
12:57:02 AM      27      0.00      0.00      0.00      0.00      0.00    100.00
12:57:02 AM      28      0.00      0.00      0.00      0.00      0.00    100.00
12:57:02 AM      29      0.00      0.00      0.00      0.00      0.00    100.00
12:57:02 AM      30      0.00      0.00      0.00      0.00      0.00    100.00
12:57:02 AM      31      0.00      0.00      0.00      0.00      0.00    100.00
12:57:02 AM      32      0.00      0.00      0.00      0.00      0.00    100.00
12:57:02 AM      33      0.00      0.00      0.00      0.00      0.00    100.00
12:57:02 AM      34      0.00      0.00      0.00      0.00      0.00    100.00
12:57:02 AM      35      0.00      0.00      0.00      0.00      0.00    100.00
12:57:02 AM      36      0.00      0.00      0.00      0.00      0.00    100.00
12:57:02 AM      37      0.00      0.00      0.00      0.00      0.00    100.00
12:57:02 AM      38      0.00      0.00      0.00      0.00      0.00    100.00
12:57:02 AM      39      0.00      0.00      0.00      0.00      0.00    100.00
12:57:02 AM      40      0.00      0.00      0.00      0.00      0.00    100.00
12:57:02 AM      41      0.00      0.00      0.00      0.00      0.00    100.00
12:57:02 AM      42      0.00      0.00      0.00      0.00      0.00    100.00
12:57:02 AM      43      0.00      0.00      0.00      0.00      0.00    100.00
12:57:02 AM      44      0.00      0.00      0.00      0.00      0.00    100.00
12:57:02 AM      45      0.00      0.00      0.00      0.00      0.00    100.00
12:57:02 AM      46      0.00      0.00      0.00      0.00      0.00    100.00
12:57:02 AM      47      0.00      0.00      0.00      0.00      0.00    100.00

12:57:02 AM     CPU     %user     %nice   %system   %iowait    %steal     %idle
12:57:03 AM     all      0.27      0.00      1.11      0.00      0.00     98.61
12:57:03 AM       0     13.54      0.00     54.17      0.00      0.00     32.29
12:57:03 AM       1      0.00      0.00      0.00      0.00      0.00    100.00
12:57:03 AM       2      0.00      0.00      0.00      0.00      0.00    100.00
12:57:03 AM       3      0.00      0.00      0.00      0.00      0.00    100.00
12:57:03 AM       4      0.00      0.00      0.00      0.00      0.00    100.00
12:57:03 AM       5      0.00      0.00      0.00      0.00      0.00    100.00
12:57:03 AM       6      0.00      0.00      0.00      0.00      0.00    100.00
12:57:03 AM       7      0.00      0.00      0.00      0.00      0.00    100.00
12:57:03 AM       8      0.00      0.00      0.00      0.00      0.00    100.00
12:57:03 AM       9      0.00      0.00      0.00      0.00      0.00    100.00
12:57:03 AM      10      0.00      0.00      0.00      0.00      0.00    100.00
12:57:03 AM      11      0.00      0.00      0.00      0.00      0.00    100.00
12:57:03 AM      12      0.00      0.00      0.00      0.00      0.00    100.00
12:57:03 AM      13      0.00      0.00      0.00      0.00      0.00    100.00
12:57:03 AM      14      0.00      0.00      0.00      0.00      0.00    100.00
12:57:03 AM      15      0.00      0.00      0.00      0.00      0.00    100.00
12:57:03 AM      16      0.00      0.00      0.00      0.00      0.00    100.00
12:57:03 AM      17      0.00      0.00      0.00      0.00      0.00    100.00
12:57:03 AM      18      0.00      0.00      0.00      0.00      0.00    100.00
12:57:03 AM      19      0.00      0.00      0.00      0.00      0.00    100.00
12:57:03 AM      20      0.00      0.00      0.00      0.00      0.00    100.00
12:57:03 AM      21      0.00      0.00      0.00      0.00      0.00    100.00
12:57:03 AM      22      0.00      0.00      0.00      0.00      0.00    100.00
12:57:03 AM      23      0.00      0.00      0.00      0.00      0.00    100.00
12:57:03 AM      24      0.00      0.00      0.00      0.00      0.00    100.00
12:57:03 AM      25      0.00      0.00      1.00      0.00      0.00     99.00
12:57:03 AM      26      0.00      0.00      0.00      0.00      0.00    100.00
12:57:03 AM      27      0.00      0.00      0.00      0.00      0.00    100.00
12:57:03 AM      28      0.00      0.00      0.00      0.00      0.00    100.00
12:57:03 AM      29      0.00      0.00      0.00      0.00      0.00    100.00
12:57:03 AM      30      0.00      0.00      0.00      0.00      0.00    100.00
12:57:03 AM      31      0.00      0.00      0.00      0.00      0.00    100.00
12:57:03 AM      32      0.00      0.00      0.00      0.00      0.00    100.00
12:57:03 AM      33      0.00      0.00      0.00      0.00      0.00    100.00
12:57:03 AM      34      0.00      0.00      0.00      0.00      0.00    100.00
12:57:03 AM      35      0.00      0.00      0.00      0.00      0.00    100.00
12:57:03 AM      36      0.00      0.00      0.00      0.00      0.00    100.00
12:57:03 AM      37      0.00      0.00      0.00      0.00      0.00    100.00
12:57:03 AM      38      0.00      0.00      0.00      0.00      0.00    100.00
12:57:03 AM      39      0.00      0.00      0.00      0.00      0.00    100.00
12:57:03 AM      40      0.00      0.00      0.00      0.00      0.00    100.00
12:57:03 AM      41      0.00      0.00      0.00      0.00      0.00    100.00
12:57:03 AM      42      0.00      0.00      0.00      0.00      0.00    100.00
12:57:03 AM      43      0.00      0.00      0.00      0.00      0.00    100.00
12:57:03 AM      44      0.00      0.00      0.00      0.00      0.00    100.00
12:57:03 AM      45      0.00      0.00      0.00      0.00      0.00    100.00
12:57:03 AM      46      0.00      0.00      0.00      0.00      0.00    100.00
12:57:03 AM      47      0.00      0.00      0.00      0.00      0.00    100.00

12:57:03 AM     CPU     %user     %nice   %system   %iowait    %steal     %idle
12:57:04 AM     all      0.27      0.00      1.13      0.00      0.00     98.59
12:57:04 AM       0     12.50      0.00     54.17      0.00      0.00     33.33
12:57:04 AM       1      0.00      0.00      0.00      0.00      0.00    100.00
12:57:04 AM       2      0.00      0.00      0.00      0.00      0.00    100.00
12:57:04 AM       3      0.00      0.00      0.00      0.00      0.00    100.00
12:57:04 AM       4      0.00      0.00      0.00      0.00      0.00    100.00
12:57:04 AM       5      0.00      0.00      0.00      0.00      0.00    100.00
12:57:04 AM       6      0.00      0.00      0.00      0.00      0.00    100.00
12:57:04 AM       7      0.00      0.00      0.00      0.00      0.00    100.00
12:57:04 AM       8      0.00      0.00      0.00      0.00      0.00    100.00
12:57:04 AM       9      0.00      0.00      0.00      0.00      0.00    100.00
12:57:04 AM      10      0.00      0.00      0.00      0.00      0.00    100.00
12:57:04 AM      11      0.00      0.00      0.00      0.00      0.00    100.00
12:57:04 AM      12      0.00      0.00      0.00      0.00      0.00    100.00
12:57:04 AM      13      0.00      0.00      0.00      0.00      0.00    100.00
12:57:04 AM      14      0.00      0.00      0.00      0.00      0.00    100.00
12:57:04 AM      15      0.00      0.00      0.00      0.00      0.00    100.00
12:57:04 AM      16      0.00      0.00      0.00      0.00      0.00    100.00
12:57:04 AM      17      0.00      0.00      0.00      0.00      0.00    100.00
12:57:04 AM      18      0.00      0.00      0.00      0.00      0.00    100.00
12:57:04 AM      19      0.00      0.00      1.00      0.00      0.00     99.00
12:57:04 AM      20      0.00      0.00      0.00      0.00      0.00    100.00
12:57:04 AM      21      0.00      0.00      0.00      0.00      0.00    100.00
12:57:04 AM      22      0.00      0.00      0.00      0.00      0.00    100.00
12:57:04 AM      23      0.00      0.00      0.00      0.00      0.00    100.00
12:57:04 AM      24      0.00      0.00      0.00      0.00      0.00    100.00
12:57:04 AM      25      0.00      0.00      1.00      0.00      0.00     99.00
12:57:04 AM      26      0.00      0.00      0.00      0.00      0.00    100.00
12:57:04 AM      27      0.00      0.00      0.00      0.00      0.00    100.00
12:57:04 AM      28      0.00      0.00      0.00      0.00      0.00    100.00
12:57:04 AM      29      0.00      0.00      0.00      0.00      0.00    100.00
12:57:04 AM      30      0.00      0.00      0.00      0.00      0.00    100.00
12:57:04 AM      31      0.00      0.00      0.00      0.00      0.00    100.00
12:57:04 AM      32      0.00      0.00      0.00      0.00      0.00    100.00
12:57:04 AM      33      0.00      0.00      0.00      0.00      0.00    100.00
12:57:04 AM      34      0.00      0.00      0.00      0.00      0.00    100.00
12:57:04 AM      35      0.00      0.00      0.00      0.00      0.00    100.00
12:57:04 AM      36      0.00      0.00      0.00      0.00      0.00    100.00
12:57:04 AM      37      0.00      0.00      0.00      0.00      0.00    100.00
12:57:04 AM      38      0.00      0.00      0.00      0.00      0.00    100.00
12:57:04 AM      39      0.00      0.00      0.00      0.00      0.00    100.00
12:57:04 AM      40      0.00      0.00      0.00      0.00      0.00    100.00
12:57:04 AM      41      0.00      0.00      0.00      0.00      0.00    100.00
12:57:04 AM      42      0.00      0.00      0.00      0.00      0.00    100.00
12:57:04 AM      43      0.00      0.00      0.00      0.00      0.00    100.00
12:57:04 AM      44      0.00      0.00      0.00      0.00      0.00    100.00
12:57:04 AM      45      0.00      0.00      0.00      0.00      0.00    100.00
12:57:04 AM      46      0.00      0.00      0.00      0.00      0.00    100.00
12:57:04 AM      47      0.00      0.00      0.00      0.00      0.00    100.00

12:57:04 AM     CPU     %user     %nice   %system   %iowait    %steal     %idle
12:57:05 AM     all      0.29      0.00      1.13      0.06      0.00     98.51
12:57:05 AM       0     15.00      0.00     53.00      0.00      0.00     32.00
12:57:05 AM       1      0.00      0.00      0.00      3.00      0.00     97.00
12:57:05 AM       2      0.00      0.00      0.00      0.00      0.00    100.00
12:57:05 AM       3      0.00      0.00      0.00      0.00      0.00    100.00
12:57:05 AM       4      0.00      0.00      0.00      0.00      0.00    100.00
12:57:05 AM       5      0.00      0.00      0.00      0.00      0.00    100.00
12:57:05 AM       6      0.00      0.00      0.00      0.00      0.00    100.00
12:57:05 AM       7      0.00      0.00      0.00      0.00      0.00    100.00
12:57:05 AM       8      0.00      0.00      0.00      0.00      0.00    100.00
12:57:05 AM       9      0.00      0.00      0.00      0.00      0.00    100.00
12:57:05 AM      10      0.00      0.00      0.00      0.00      0.00    100.00
12:57:05 AM      11      0.00      0.00      0.00      0.00      0.00    100.00
12:57:05 AM      12      0.00      0.00      0.99      0.00      0.00     99.01
12:57:05 AM      13      0.00      0.00      0.00      0.00      0.00    100.00
12:57:05 AM      14      0.00      0.00      0.00      0.00      0.00    100.00
12:57:05 AM      15      0.00      0.00      0.00      0.00      0.00    100.00
12:57:05 AM      16      0.00      0.00      0.00      0.00      0.00    100.00
12:57:05 AM      17      0.00      0.00      0.00      0.00      0.00    100.00
12:57:05 AM      18      0.00      0.00      0.00      0.00      0.00    100.00
12:57:05 AM      19      0.00      0.00      0.00      0.00      0.00    100.00
12:57:05 AM      20      0.00      0.00      0.00      0.00      0.00    100.00
12:57:05 AM      21      0.00      0.00      0.00      0.00      0.00    100.00
12:57:05 AM      22      0.00      0.00      0.00      0.00      0.00    100.00
12:57:05 AM      23      0.00      0.00      0.00      0.00      0.00    100.00
12:57:05 AM      24      0.00      0.00      0.00      0.00      0.00    100.00
12:57:05 AM      25      0.00      0.00      0.00      0.00      0.00    100.00
12:57:05 AM      26      0.00      0.00      0.00      0.00      0.00    100.00
12:57:05 AM      27      0.00      0.00      0.00      0.00      0.00    100.00
12:57:05 AM      28      0.00      0.00      0.00      0.00      0.00    100.00
12:57:05 AM      29      0.00      0.00      0.00      0.00      0.00    100.00
12:57:05 AM      30      0.00      0.00      0.00      0.00      0.00    100.00
12:57:05 AM      31      0.00      0.00      0.00      0.00      0.00    100.00
12:57:05 AM      32      0.00      0.00      0.00      0.00      0.00    100.00
12:57:05 AM      33      0.00      0.00      0.00      0.00      0.00    100.00
12:57:05 AM      34      0.00      0.00      0.00      0.00      0.00    100.00
12:57:05 AM      35      0.00      0.00      0.00      0.00      0.00    100.00
12:57:05 AM      36      0.00      0.00      0.00      0.00      0.00    100.00
12:57:05 AM      37      0.00      0.00      0.00      0.00      0.00    100.00
12:57:05 AM      38      0.00      0.00      0.00      0.00      0.00    100.00
12:57:05 AM      39      0.00      0.00      0.00      0.00      0.00    100.00
12:57:05 AM      40      0.00      0.00      0.00      0.00      0.00    100.00
12:57:05 AM      41      0.00      0.00      0.00      0.00      0.00    100.00
12:57:05 AM      42      0.00      0.00      0.00      0.00      0.00    100.00
12:57:05 AM      43      0.00      0.00      0.00      0.00      0.00    100.00
12:57:05 AM      44      0.00      0.00      0.00      0.00      0.00    100.00
12:57:05 AM      45      0.00      0.00      0.00      0.00      0.00    100.00
12:57:05 AM      46      0.00      0.00      0.00      0.00      0.00    100.00
12:57:05 AM      47      0.00      0.00      0.00      0.00      0.00    100.00

12:57:05 AM     CPU     %user     %nice   %system   %iowait    %steal     %idle
12:57:06 AM     all      0.25      0.00      1.18      0.00      0.00     98.57
12:57:06 AM       0     11.22      0.00     56.12      0.00      0.00     32.65
12:57:06 AM       1      0.00      0.00      0.00      0.00      0.00    100.00
12:57:06 AM       2      0.00      0.00      0.00      0.00      0.00    100.00
12:57:06 AM       3      0.00      0.00      0.00      0.00      0.00    100.00
12:57:06 AM       4      0.00      0.00      0.00      0.00      0.00    100.00
12:57:06 AM       5      0.00      0.00      0.00      0.00      0.00    100.00
12:57:06 AM       6      0.00      0.00      0.00      0.00      0.00    100.00
12:57:06 AM       7      0.00      0.00      0.00      0.00      0.00    100.00
12:57:06 AM       8      0.00      0.00      0.00      0.00      0.00    100.00
12:57:06 AM       9      0.00      0.00      0.00      0.00      0.00    100.00
12:57:06 AM      10      0.00      0.00      0.00      0.00      0.00    100.00
12:57:06 AM      11      0.00      0.00      0.00      0.00      0.00    100.00
12:57:06 AM      12      0.00      0.00      0.00      0.00      0.00    100.00
12:57:06 AM      13      0.00      0.00      0.00      0.00      0.00    100.00
12:57:06 AM      14      0.00      0.00      0.00      0.00      0.00    100.00
12:57:06 AM      15      0.00      0.00      0.00      0.00      0.00    100.00
12:57:06 AM      16      0.00      0.00      0.00      0.00      0.00    100.00
12:57:06 AM      17      0.00      0.00      0.00      0.00      0.00    100.00
12:57:06 AM      18      0.00      0.00      0.00      0.00      0.00    100.00
12:57:06 AM      19      0.00      0.00      0.00      0.00      0.00    100.00
12:57:06 AM      20      0.00      0.00      0.00      0.00      0.00    100.00
12:57:06 AM      21      0.00      0.00      0.00      0.00      0.00    100.00
12:57:06 AM      22      0.00      0.00      0.00      0.00      0.00    100.00
12:57:06 AM      23      0.00      0.00      0.00      0.00      0.00    100.00
12:57:06 AM      24      0.00      0.00      0.00      0.00      0.00    100.00
12:57:06 AM      25      0.00      0.00      1.00      0.00      0.00     99.00
12:57:06 AM      26      0.00      0.00      0.00      0.00      0.00    100.00
12:57:06 AM      27      0.00      0.00      0.00      0.00      0.00    100.00
12:57:06 AM      28      0.00      0.00      0.00      0.00      0.00    100.00
12:57:06 AM      29      0.00      0.00      0.00      0.00      0.00    100.00
12:57:06 AM      30      0.00      0.00      0.00      0.00      0.00    100.00
12:57:06 AM      31      0.00      0.00      0.00      0.00      0.00    100.00
12:57:06 AM      32      0.00      0.00      0.00      0.00      0.00    100.00
12:57:06 AM      33      0.00      0.00      0.00      0.00      0.00    100.00
12:57:06 AM      34      0.00      0.00      0.00      0.00      0.00    100.00
12:57:06 AM      35      0.00      0.00      0.00      0.00      0.00    100.00
12:57:06 AM      36      0.00      0.00      0.00      0.00      0.00    100.00
12:57:06 AM      37      0.00      0.00      0.00      0.00      0.00    100.00
12:57:06 AM      38      0.00      0.00      0.00      0.00      0.00    100.00
12:57:06 AM      39      0.00      0.00      0.00      0.00      0.00    100.00
12:57:06 AM      40      0.00      0.00      0.00      0.00      0.00    100.00
12:57:06 AM      41      0.00      0.00      0.00      0.00      0.00    100.00
12:57:06 AM      42      0.00      0.00      0.00      0.00      0.00    100.00
12:57:06 AM      43      0.00      0.00      0.00      0.00      0.00    100.00
12:57:06 AM      44      0.00      0.00      0.00      0.00      0.00    100.00
12:57:06 AM      45      0.00      0.00      0.00      0.00      0.00    100.00
12:57:06 AM      46      0.00      0.00      0.00      0.00      0.00    100.00
12:57:06 AM      47      0.00      0.00      0.00      0.00      0.00    100.00

12:57:06 AM     CPU     %user     %nice   %system   %iowait    %steal     %idle
12:57:07 AM     all      0.10      0.00      0.61      0.00      0.00     99.29
12:57:07 AM       0      6.00      0.00     28.00      0.00      0.00     66.00
12:57:07 AM       1      0.00      0.00      0.00      0.00      0.00    100.00
12:57:07 AM       2      0.00      0.00      0.00      0.00      0.00    100.00
12:57:07 AM       3      0.00      0.00      0.00      0.00      0.00    100.00
12:57:07 AM       4      0.00      0.00      0.00      0.00      0.00    100.00
12:57:07 AM       5      0.00      0.00      0.00      0.00      0.00    100.00
12:57:07 AM       6      0.00      0.00      0.00      0.00      0.00    100.00
12:57:07 AM       7      0.00      0.00      0.00      0.00      0.00    100.00
12:57:07 AM       8      0.00      0.00      0.00      0.00      0.00    100.00
12:57:07 AM       9      0.00      0.00      0.00      0.00      0.00    100.00
12:57:07 AM      10      0.00      0.00      0.00      0.00      0.00    100.00
12:57:07 AM      11      0.00      0.00      0.00      0.00      0.00    100.00
12:57:07 AM      12      0.00      0.00      1.00      0.00      0.00     99.00
12:57:07 AM      13      0.00      0.00      0.00      0.00      0.00    100.00
12:57:07 AM      14      0.00      0.00      0.00      0.00      0.00    100.00
12:57:07 AM      15      0.00      0.00      0.00      0.00      0.00    100.00
12:57:07 AM      16      0.00      0.00      0.00      0.00      0.00    100.00
12:57:07 AM      17      0.00      0.00      0.00      0.00      0.00    100.00
12:57:07 AM      18      0.00      0.00      0.00      0.00      0.00    100.00
12:57:07 AM      19      0.00      0.00      0.00      0.00      0.00    100.00
12:57:07 AM      20      0.00      0.00      0.00      0.00      0.00    100.00
12:57:07 AM      21      0.00      0.00      0.00      0.00      0.00    100.00
12:57:07 AM      22      0.00      0.00      0.00      0.00      0.00    100.00
12:57:07 AM      23      0.00      0.00      0.00      0.00      0.00    100.00
12:57:07 AM      24      0.00      0.00      0.00      0.00      0.00    100.00
12:57:07 AM      25      0.00      0.00      0.99      0.00      0.00     99.01
12:57:07 AM      26      0.00      0.00      0.00      0.00      0.00    100.00
12:57:07 AM      27      0.00      0.00      0.00      0.00      0.00    100.00
12:57:07 AM      28      0.00      0.00      0.00      0.00      0.00    100.00
12:57:07 AM      29      0.00      0.00      0.00      0.00      0.00    100.00
12:57:07 AM      30      0.00      0.00      0.00      0.00      0.00    100.00
12:57:07 AM      31      0.00      0.00      0.00      0.00      0.00    100.00
12:57:07 AM      32      0.00      0.00      0.00      0.00      0.00    100.00
12:57:07 AM      33      0.00      0.00      0.00      0.00      0.00    100.00
12:57:07 AM      34      0.00      0.00      0.00      0.00      0.00    100.00
12:57:07 AM      35      0.00      0.00      0.00      0.00      0.00    100.00
12:57:07 AM      36      0.00      0.00      0.00      0.00      0.00    100.00
12:57:07 AM      37      0.00      0.00      0.00      0.00      0.00    100.00
12:57:07 AM      38      0.00      0.00      0.00      0.00      0.00    100.00
12:57:07 AM      39      0.00      0.00      0.00      0.00      0.00    100.00
12:57:07 AM      40      0.00      0.00      0.00      0.00      0.00    100.00
12:57:07 AM      41      0.00      0.00      0.00      0.00      0.00    100.00
12:57:07 AM      42      0.00      0.00      0.00      0.00      0.00    100.00
12:57:07 AM      43      0.00      0.00      0.00      0.00      0.00    100.00
12:57:07 AM      44      0.00      0.00      0.00      0.00      0.00    100.00
12:57:07 AM      45      0.00      0.00      0.00      0.00      0.00    100.00
12:57:07 AM      46      0.00      0.00      0.00      0.00      0.00    100.00
12:57:07 AM      47      0.00      0.00      0.00      0.00      0.00    100.00

12:57:07 AM     CPU     %user     %nice   %system   %iowait    %steal     %idle
12:57:08 AM     all      0.00      0.00      0.02      0.00      0.00     99.98
12:57:08 AM       0      0.00      0.00      0.00      0.00      0.00    100.00
12:57:08 AM       1      0.00      0.00      1.00      0.00      0.00     99.00
12:57:08 AM       2      0.00      0.00      0.00      0.00      0.00    100.00
12:57:08 AM       3      0.00      0.00      0.00      0.00      0.00    100.00
12:57:08 AM       4      0.00      0.00      0.00      0.00      0.00    100.00
12:57:08 AM       5      0.00      0.00      0.00      0.00      0.00    100.00
12:57:08 AM       6      0.00      0.00      0.00      0.00      0.00    100.00
12:57:08 AM       7      0.00      0.00      0.00      0.00      0.00    100.00
12:57:08 AM       8      0.00      0.00      0.00      0.00      0.00    100.00
12:57:08 AM       9      0.00      0.00      0.00      0.00      0.00    100.00
12:57:08 AM      10      0.00      0.00      0.00      0.00      0.00    100.00
12:57:08 AM      11      0.00      0.00      0.00      0.00      0.00    100.00
12:57:08 AM      12      0.00      0.00      0.00      0.00      0.00    100.00
12:57:08 AM      13      0.00      0.00      0.00      0.00      0.00    100.00
12:57:08 AM      14      0.00      0.00      0.00      0.00      0.00    100.00
12:57:08 AM      15      0.00      0.00      0.00      0.00      0.00    100.00
12:57:08 AM      16      0.00      0.00      0.00      0.00      0.00    100.00
12:57:08 AM      17      0.00      0.00      0.00      0.00      0.00    100.00
12:57:08 AM      18      0.00      0.00      0.00      0.00      0.00    100.00
12:57:08 AM      19      0.00      0.00      0.00      0.00      0.00    100.00
12:57:08 AM      20      0.00      0.00      0.00      0.00      0.00    100.00
12:57:08 AM      21      0.00      0.00      0.00      0.00      0.00    100.00
12:57:08 AM      22      0.00      0.00      0.00      0.00      0.00    100.00
12:57:08 AM      23      0.00      0.00      0.00      0.00      0.00    100.00
12:57:08 AM      24      0.00      0.00      0.00      0.00      0.00    100.00
12:57:08 AM      25      0.00      0.00      0.00      0.00      0.00    100.00
12:57:08 AM      26      0.00      0.00      0.00      0.00      0.00    100.00
12:57:08 AM      27      0.00      0.00      0.00      0.00      0.00    100.00
12:57:08 AM      28      0.00      0.00      0.00      0.00      0.00    100.00
12:57:08 AM      29      0.00      0.00      0.00      0.00      0.00    100.00
12:57:08 AM      30      0.00      0.00      0.00      0.00      0.00    100.00
12:57:08 AM      31      0.00      0.00      0.00      0.00      0.00    100.00
12:57:08 AM      32      0.00      0.00      0.00      0.00      0.00    100.00
12:57:08 AM      33      0.00      0.00      0.00      0.00      0.00    100.00
12:57:08 AM      34      0.00      0.00      0.00      0.00      0.00    100.00
12:57:08 AM      35      0.00      0.00      0.00      0.00      0.00    100.00
12:57:08 AM      36      0.00      0.00      0.00      0.00      0.00    100.00
12:57:08 AM      37      0.00      0.00      0.00      0.00      0.00    100.00
12:57:08 AM      38      0.00      0.00      0.00      0.00      0.00    100.00
12:57:08 AM      39      0.00      0.00      0.00      0.00      0.00    100.00
12:57:08 AM      40      0.00      0.00      0.00      0.00      0.00    100.00
12:57:08 AM      41      0.00      0.00      0.00      0.00      0.00    100.00
12:57:08 AM      42      0.00      0.00      0.00      0.00      0.00    100.00
12:57:08 AM      43      0.00      0.00      0.00      0.00      0.00    100.00
12:57:08 AM      44      0.00      0.00      0.00      0.00      0.00    100.00
12:57:08 AM      45      0.00      0.00      0.00      0.00      0.00    100.00
12:57:08 AM      46      0.00      0.00      0.00      0.00      0.00    100.00
12:57:08 AM      47      0.00      0.00      0.00      0.00      0.00    100.00

12:57:08 AM     CPU     %user     %nice   %system   %iowait    %steal     %idle
12:57:09 AM     all      0.00      0.00      0.02      0.00      0.00     99.98
12:57:09 AM       0      0.00      0.00      0.00      0.00      0.00    100.00
12:57:09 AM       1      0.00      0.00      0.00      0.00      0.00    100.00
12:57:09 AM       2      0.00      0.00      0.00      0.00      0.00    100.00
12:57:09 AM       3      0.00      0.00      0.00      0.00      0.00    100.00
12:57:09 AM       4      0.00      0.00      0.00      0.00      0.00    100.00
12:57:09 AM       5      0.00      0.00      0.00      0.00      0.00    100.00
12:57:09 AM       6      0.00      0.00      0.00      0.00      0.00    100.00
12:57:09 AM       7      0.00      0.00      0.00      0.00      0.00    100.00
12:57:09 AM       8      0.00      0.00      0.00      0.00      0.00    100.00
12:57:09 AM       9      0.00      0.00      0.00      0.00      0.00    100.00
12:57:09 AM      10      0.00      0.00      0.00      0.00      0.00    100.00
12:57:09 AM      11      0.00      0.00      0.00      0.00      0.00    100.00
12:57:09 AM      12      0.00      0.00      0.00      0.00      0.00    100.00
12:57:09 AM      13      0.00      0.00      0.99      0.00      0.00     99.01
12:57:09 AM      14      0.00      0.00      0.00      0.00      0.00    100.00
12:57:09 AM      15      0.00      0.00      0.00      0.00      0.00    100.00
12:57:09 AM      16      0.00      0.00      0.00      0.00      0.00    100.00
12:57:09 AM      17      0.00      0.00      0.00      0.00      0.00    100.00
12:57:09 AM      18      0.00      0.00      0.00      0.00      0.00    100.00
12:57:09 AM      19      0.00      0.00      0.00      0.00      0.00    100.00
12:57:09 AM      20      0.00      0.00      0.00      0.00      0.00    100.00
12:57:09 AM      21      0.00      0.00      0.00      0.00      0.00    100.00
12:57:09 AM      22      0.00      0.00      0.00      0.00      0.00    100.00
12:57:09 AM      23      0.00      0.00      0.00      0.00      0.00    100.00
12:57:09 AM      24      0.00      0.00      0.00      0.00      0.00    100.00
12:57:09 AM      25      0.00      0.00      0.00      0.00      0.00    100.00
12:57:09 AM      26      0.00      0.00      0.00      0.00      0.00    100.00
12:57:09 AM      27      0.00      0.00      0.00      0.00      0.00    100.00
12:57:09 AM      28      0.00      0.00      0.00      0.00      0.00    100.00
12:57:09 AM      29      0.00      0.00      0.00      0.00      0.00    100.00
12:57:09 AM      30      0.00      0.00      0.00      0.00      0.00    100.00
12:57:09 AM      31      0.00      0.00      0.00      0.00      0.00    100.00
12:57:09 AM      32      0.00      0.00      0.00      0.00      0.00    100.00
12:57:09 AM      33      0.00      0.00      0.00      0.00      0.00    100.00
12:57:09 AM      34      0.00      0.00      0.00      0.00      0.00    100.00
12:57:09 AM      35      0.00      0.00      0.00      0.00      0.00    100.00
12:57:09 AM      36      0.00      0.00      0.00      0.00      0.00    100.00
12:57:09 AM      37      0.00      0.00      0.00      0.00      0.00    100.00
12:57:09 AM      38      0.00      0.00      0.00      0.00      0.00    100.00
12:57:09 AM      39      0.00      0.00      0.00      0.00      0.00    100.00
12:57:09 AM      40      0.00      0.00      0.00      0.00      0.00    100.00
12:57:09 AM      41      0.00      0.00      0.00      0.00      0.00    100.00
12:57:09 AM      42      0.00      0.00      0.00      0.00      0.00    100.00
12:57:09 AM      43      0.00      0.00      0.00      0.00      0.00    100.00
12:57:09 AM      44      0.00      0.00      0.00      0.00      0.00    100.00
12:57:09 AM      45      0.00      0.00      0.00      0.00      0.00    100.00
12:57:09 AM      46      0.00      0.00      0.00      0.00      0.00    100.00
12:57:09 AM      47      0.00      0.00      0.00      0.00      0.00    100.00

Average:        CPU     %user     %nice   %system   %iowait    %steal     %idle
Average:        all      0.19      0.00      0.80      0.01      0.00     99.00
Average:          0      8.85      0.00     37.64      0.00      0.00     53.51
Average:          1      0.07      0.00      0.07      0.40      0.00     99.47
Average:          2      0.20      0.00      0.13      0.00      0.00     99.67
Average:          3      0.00      0.00      0.00      0.00      0.00    100.00
Average:          4      0.00      0.00      0.00      0.00      0.00    100.00
Average:          5      0.00      0.00      0.00      0.00      0.00    100.00
Average:          6      0.00      0.00      0.00      0.00      0.00    100.00
Average:          7      0.00      0.00      0.00      0.00      0.00    100.00
Average:          8      0.00      0.00      0.09      0.00      0.00     99.91
Average:          9      0.00      0.00      0.00      0.00      0.00    100.00
Average:         10      0.00      0.00      0.00      0.00      0.00    100.00
Average:         11      0.00      0.00      0.00      0.00      0.00    100.00
Average:         12      0.00      0.00      0.13      0.00      0.00     99.87
Average:         13      0.00      0.00      0.07      0.00      0.00     99.93
Average:         14      0.00      0.00      0.00      0.00      0.00    100.00
Average:         15      0.00      0.00      0.00      0.00      0.00    100.00
Average:         16      0.00      0.00      0.00      0.00      0.00    100.00
Average:         17      0.00      0.00      0.00      0.00      0.00    100.00
Average:         18      0.00      0.00      0.00      0.00      0.00    100.00
Average:         19      0.00      0.00      0.07      0.00      0.00     99.93
Average:         20      0.00      0.00      0.00      0.00      0.00    100.00
Average:         21      0.00      0.00      0.00      0.00      0.00    100.00
Average:         22      0.00      0.00      0.07      0.00      0.00     99.93
Average:         23      0.00      0.00      0.00      0.00      0.00    100.00
Average:         24      0.00      0.00      0.00      0.00      0.00    100.00
Average:         25      0.00      0.00      0.67      0.00      0.00     99.33
Average:         26      0.00      0.00      0.00      0.00      0.00    100.00
Average:         27      0.00      0.00      0.00      0.00      0.00    100.00
Average:         28      0.00      0.00      0.00      0.00      0.00    100.00
Average:         29      0.00      0.00      0.00      0.00      0.00    100.00
Average:         30      0.00      0.00      0.00      0.00      0.00    100.00
Average:         31      0.00      0.00      0.00      0.00      0.00    100.00
Average:         32      0.00      0.00      0.00      0.00      0.00    100.00
Average:         33      0.00      0.00      0.00      0.00      0.00    100.00
Average:         34      0.00      0.00      0.00      0.00      0.00    100.00
Average:         35      0.07      0.00      0.00      0.00      0.00     99.93
Average:         36      0.00      0.00      0.00      0.00      0.00    100.00
Average:         37      0.00      0.00      0.00      0.00      0.00    100.00
Average:         38      0.00      0.00      0.00      0.00      0.00    100.00
Average:         39      0.00      0.00      0.00      0.00      0.00    100.00
Average:         40      0.00      0.00      0.00      0.00      0.00    100.00
Average:         41      0.00      0.00      0.00      0.00      0.00    100.00
Average:         42      0.00      0.00      0.00      0.00      0.00    100.00
Average:         43      0.00      0.00      0.00      0.00      0.00    100.00
Average:         44      0.00      0.00      0.00      0.00      0.00    100.00
Average:         45      0.00      0.00      0.00      0.00      0.00    100.00
Average:         46      0.00      0.00      0.00      0.00      0.00    100.00
Average:         47      0.00      0.00      0.00      0.00      0.00    100.00
