Linux 3.10.0-514.el7.x86_64 (localhost.localdomain) 	02/19/2020 	_x86_64_	(48 CPU)

01:16:39 AM     CPU     %user     %nice   %system   %iowait    %steal     %idle
01:16:40 AM     all      0.00      0.00      0.02      0.00      0.00     99.98
01:16:40 AM       0      0.00      0.00      0.00      0.00      0.00    100.00
01:16:40 AM       1      0.00      0.00      0.00      0.00      0.00    100.00
01:16:40 AM       2      0.00      0.00      0.00      0.00      0.00    100.00
01:16:40 AM       3      0.00      0.00      0.00      0.00      0.00    100.00
01:16:40 AM       4      0.00      0.00      0.00      0.00      0.00    100.00
01:16:40 AM       5      0.00      0.00      0.00      0.00      0.00    100.00
01:16:40 AM       6      0.00      0.00      0.00      0.00      0.00    100.00
01:16:40 AM       7      0.00      0.00      0.00      0.00      0.00    100.00
01:16:40 AM       8      0.00      0.00      0.00      0.00      0.00    100.00
01:16:40 AM       9      0.00      0.00      0.00      0.00      0.00    100.00
01:16:40 AM      10      0.00      0.00      0.00      0.00      0.00    100.00
01:16:40 AM      11      0.00      0.00      0.00      0.00      0.00    100.00
01:16:40 AM      12      0.00      0.00      0.00      0.00      0.00    100.00
01:16:40 AM      13      0.00      0.00      0.00      0.00      0.00    100.00
01:16:40 AM      14      0.00      0.00      0.00      0.00      0.00    100.00
01:16:40 AM      15      0.00      0.00      0.00      0.00      0.00    100.00
01:16:40 AM      16      0.00      0.00      0.00      0.00      0.00    100.00
01:16:40 AM      17      0.00      0.00      0.00      0.00      0.00    100.00
01:16:40 AM      18      0.00      0.00      0.00      0.00      0.00    100.00
01:16:40 AM      19      0.00      0.00      0.00      0.00      0.00    100.00
01:16:40 AM      20      0.00      0.00      0.00      0.00      0.00    100.00
01:16:40 AM      21      0.00      0.00      0.00      0.00      0.00    100.00
01:16:40 AM      22      0.00      0.00      0.00      0.00      0.00    100.00
01:16:40 AM      23      0.00      0.00      0.00      0.00      0.00    100.00
01:16:40 AM      24      0.00      0.00      0.00      0.00      0.00    100.00
01:16:40 AM      25      0.00      0.00      0.00      0.00      0.00    100.00
01:16:40 AM      26      0.00      0.00      0.00      0.00      0.00    100.00
01:16:40 AM      27      0.00      0.00      0.00      0.00      0.00    100.00
01:16:40 AM      28      0.00      0.00      0.00      0.00      0.00    100.00
01:16:40 AM      29      0.00      0.00      0.00      0.00      0.00    100.00
01:16:40 AM      30      0.00      0.00      0.00      0.00      0.00    100.00
01:16:40 AM      31      0.00      0.00      0.00      0.00      0.00    100.00
01:16:40 AM      32      0.00      0.00      0.00      0.00      0.00    100.00
01:16:40 AM      33      0.00      0.00      0.00      0.00      0.00    100.00
01:16:40 AM      34      0.00      0.00      0.00      0.00      0.00    100.00
01:16:40 AM      35      0.00      0.00      0.00      0.00      0.00    100.00
01:16:40 AM      36      0.00      0.00      0.00      0.00      0.00    100.00
01:16:40 AM      37      0.00      0.00      0.00      0.00      0.00    100.00
01:16:40 AM      38      0.00      0.00      0.00      0.00      0.00    100.00
01:16:40 AM      39      0.00      0.00      0.00      0.00      0.00    100.00
01:16:40 AM      40      0.00      0.00      0.00      0.00      0.00    100.00
01:16:40 AM      41      0.00      0.00      0.00      0.00      0.00    100.00
01:16:40 AM      42      0.00      0.00      0.00      0.00      0.00    100.00
01:16:40 AM      43      0.00      0.00      0.00      0.00      0.00    100.00
01:16:40 AM      44      0.00      0.00      0.00      0.00      0.00    100.00
01:16:40 AM      45      0.00      0.00      0.00      0.00      0.00    100.00
01:16:40 AM      46      0.00      0.00      0.00      0.00      0.00    100.00
01:16:40 AM      47      0.00      0.00      0.00      0.00      0.00    100.00

01:16:40 AM     CPU     %user     %nice   %system   %iowait    %steal     %idle
01:16:41 AM     all      0.00      0.00      0.02      0.00      0.00     99.98
01:16:41 AM       0      0.00      0.00      0.00      0.00      0.00    100.00
01:16:41 AM       1      0.00      0.00      0.00      0.00      0.00    100.00
01:16:41 AM       2      0.00      0.00      0.00      0.00      0.00    100.00
01:16:41 AM       3      0.00      0.00      0.00      0.00      0.00    100.00
01:16:41 AM       4      0.00      0.00      0.00      0.00      0.00    100.00
01:16:41 AM       5      0.00      0.00      0.00      0.00      0.00    100.00
01:16:41 AM       6      0.00      0.00      0.00      0.00      0.00    100.00
01:16:41 AM       7      0.00      0.00      0.00      0.00      0.00    100.00
01:16:41 AM       8      0.00      0.00      0.00      0.00      0.00    100.00
01:16:41 AM       9      0.00      0.00      0.00      0.00      0.00    100.00
01:16:41 AM      10      0.00      0.00      0.00      0.00      0.00    100.00
01:16:41 AM      11      0.00      0.00      0.00      0.00      0.00    100.00
01:16:41 AM      12      0.00      0.00      0.00      0.00      0.00    100.00
01:16:41 AM      13      0.00      0.00      0.00      0.00      0.00    100.00
01:16:41 AM      14      0.00      0.00      0.00      0.00      0.00    100.00
01:16:41 AM      15      0.00      0.00      0.00      0.00      0.00    100.00
01:16:41 AM      16      0.00      0.00      0.00      0.00      0.00    100.00
01:16:41 AM      17      0.00      0.00      0.00      0.00      0.00    100.00
01:16:41 AM      18      0.00      0.00      0.00      0.00      0.00    100.00
01:16:41 AM      19      0.00      0.00      0.00      0.00      0.00    100.00
01:16:41 AM      20      0.00      0.00      0.00      0.00      0.00    100.00
01:16:41 AM      21      0.00      0.00      0.00      0.00      0.00    100.00
01:16:41 AM      22      0.00      0.00      0.00      0.00      0.00    100.00
01:16:41 AM      23      0.00      0.00      0.00      0.00      0.00    100.00
01:16:41 AM      24      0.00      0.00      0.00      0.00      0.00    100.00
01:16:41 AM      25      0.00      0.00      0.99      0.00      0.00     99.01
01:16:41 AM      26      0.00      0.00      0.00      0.00      0.00    100.00
01:16:41 AM      27      0.00      0.00      0.00      0.00      0.00    100.00
01:16:41 AM      28      0.00      0.00      0.00      0.00      0.00    100.00
01:16:41 AM      29      0.00      0.00      0.00      0.00      0.00    100.00
01:16:41 AM      30      0.00      0.00      0.00      0.00      0.00    100.00
01:16:41 AM      31      0.00      0.00      0.00      0.00      0.00    100.00
01:16:41 AM      32      0.00      0.00      0.00      0.00      0.00    100.00
01:16:41 AM      33      0.00      0.00      0.00      0.00      0.00    100.00
01:16:41 AM      34      0.00      0.00      0.00      0.00      0.00    100.00
01:16:41 AM      35      0.00      0.00      0.00      0.00      0.00    100.00
01:16:41 AM      36      0.00      0.00      0.00      0.00      0.00    100.00
01:16:41 AM      37      0.00      0.00      0.00      0.00      0.00    100.00
01:16:41 AM      38      0.00      0.00      0.00      0.00      0.00    100.00
01:16:41 AM      39      0.00      0.00      0.00      0.00      0.00    100.00
01:16:41 AM      40      0.00      0.00      0.00      0.00      0.00    100.00
01:16:41 AM      41      0.00      0.00      0.00      0.00      0.00    100.00
01:16:41 AM      42      0.00      0.00      0.00      0.00      0.00    100.00
01:16:41 AM      43      0.00      0.00      0.00      0.00      0.00    100.00
01:16:41 AM      44      0.00      0.00      0.00      0.00      0.00    100.00
01:16:41 AM      45      0.00      0.00      0.00      0.00      0.00    100.00
01:16:41 AM      46      0.00      0.00      0.00      0.00      0.00    100.00
01:16:41 AM      47      0.00      0.00      0.00      0.00      0.00    100.00

01:16:41 AM     CPU     %user     %nice   %system   %iowait    %steal     %idle
01:16:42 AM     all      0.25      0.00      1.39      0.00      0.00     98.36
01:16:42 AM       0     12.12      0.00     63.64      0.00      0.00     24.24
01:16:42 AM       1      0.00      0.00      0.00      0.00      0.00    100.00
01:16:42 AM       2      0.00      0.00      0.00      0.00      0.00    100.00
01:16:42 AM       3      0.00      0.00      0.00      0.00      0.00    100.00
01:16:42 AM       4      0.00      0.00      0.00      0.00      0.00    100.00
01:16:42 AM       5      0.00      0.00      0.00      0.00      0.00    100.00
01:16:42 AM       6      0.00      0.00      0.00      0.00      0.00    100.00
01:16:42 AM       7      0.00      0.00      1.00      0.00      0.00     99.00
01:16:42 AM       8      0.00      0.00      0.00      0.00      0.00    100.00
01:16:42 AM       9      0.00      0.00      0.00      0.00      0.00    100.00
01:16:42 AM      10      0.00      0.00      0.00      0.00      0.00    100.00
01:16:42 AM      11      0.00      0.00      0.00      0.00      0.00    100.00
01:16:42 AM      12      0.00      0.00      0.00      0.00      0.00    100.00
01:16:42 AM      13      0.00      0.00      0.00      0.00      0.00    100.00
01:16:42 AM      14      0.00      0.00      0.00      0.00      0.00    100.00
01:16:42 AM      15      0.00      0.00      0.00      0.00      0.00    100.00
01:16:42 AM      16      0.00      0.00      0.00      0.00      0.00    100.00
01:16:42 AM      17      0.00      0.00      0.00      0.00      0.00    100.00
01:16:42 AM      18      0.00      0.00      0.00      0.00      0.00    100.00
01:16:42 AM      19      0.00      0.00      0.00      0.00      0.00    100.00
01:16:42 AM      20      0.00      0.00      0.00      0.00      0.00    100.00
01:16:42 AM      21      0.00      0.00      0.00      0.00      0.00    100.00
01:16:42 AM      22      0.00      0.00      0.00      0.00      0.00    100.00
01:16:42 AM      23      0.00      0.00      0.00      0.00      0.00    100.00
01:16:42 AM      24      0.00      0.00      0.00      0.00      0.00    100.00
01:16:42 AM      25      0.00      0.00      1.00      0.00      0.00     99.00
01:16:42 AM      26      0.00      0.00      0.00      0.00      0.00    100.00
01:16:42 AM      27      0.00      0.00      0.00      0.00      0.00    100.00
01:16:42 AM      28      0.00      0.00      0.00      0.00      0.00    100.00
01:16:42 AM      29      0.00      0.00      0.00      0.00      0.00    100.00
01:16:42 AM      30      0.00      0.00      0.00      0.00      0.00    100.00
01:16:42 AM      31      0.00      0.00      0.00      0.00      0.00    100.00
01:16:42 AM      32      0.00      0.00      0.00      0.00      0.00    100.00
01:16:42 AM      33      0.00      0.00      0.00      0.00      0.00    100.00
01:16:42 AM      34      0.00      0.00      0.00      0.00      0.00    100.00
01:16:42 AM      35      0.00      0.00      0.00      0.00      0.00    100.00
01:16:42 AM      36      0.00      0.00      0.00      0.00      0.00    100.00
01:16:42 AM      37      0.00      0.00      0.00      0.00      0.00    100.00
01:16:42 AM      38      0.00      0.00      0.00      0.00      0.00    100.00
01:16:42 AM      39      0.00      0.00      0.00      0.00      0.00    100.00
01:16:42 AM      40      0.00      0.00      0.00      0.00      0.00    100.00
01:16:42 AM      41      0.00      0.00      0.00      0.00      0.00    100.00
01:16:42 AM      42      0.00      0.00      0.00      0.00      0.00    100.00
01:16:42 AM      43      0.00      0.00      0.00      0.00      0.00    100.00
01:16:42 AM      44      0.00      0.00      0.00      0.00      0.00    100.00
01:16:42 AM      45      0.00      0.00      0.00      0.00      0.00    100.00
01:16:42 AM      46      0.00      0.00      0.00      0.00      0.00    100.00
01:16:42 AM      47      0.00      0.00      0.00      0.00      0.00    100.00

01:16:42 AM     CPU     %user     %nice   %system   %iowait    %steal     %idle
01:16:43 AM     all      0.34      0.00      1.74      0.00      0.00     97.92
01:16:43 AM       0     15.00      0.00     81.00      0.00      0.00      4.00
01:16:43 AM       1      0.00      0.00      0.00      0.00      0.00    100.00
01:16:43 AM       2      0.00      0.00      0.00      0.00      0.00    100.00
01:16:43 AM       3      0.00      0.00      0.00      0.00      0.00    100.00
01:16:43 AM       4      0.00      0.00      0.00      0.00      0.00    100.00
01:16:43 AM       5      0.00      0.00      0.00      0.00      0.00    100.00
01:16:43 AM       6      0.00      0.00      0.00      0.00      0.00    100.00
01:16:43 AM       7      0.00      0.00      0.00      0.00      0.00    100.00
01:16:43 AM       8      0.00      0.00      0.00      0.00      0.00    100.00
01:16:43 AM       9      0.00      0.00      0.00      0.00      0.00    100.00
01:16:43 AM      10      0.00      0.00      0.00      0.00      0.00    100.00
01:16:43 AM      11      0.00      0.00      0.00      0.00      0.00    100.00
01:16:43 AM      12      0.00      0.00      0.00      0.00      0.00    100.00
01:16:43 AM      13      0.00      0.00      0.00      0.00      0.00    100.00
01:16:43 AM      14      0.00      0.00      0.00      0.00      0.00    100.00
01:16:43 AM      15      0.00      0.00      0.00      0.00      0.00    100.00
01:16:43 AM      16      0.00      0.00      0.00      0.00      0.00    100.00
01:16:43 AM      17      0.00      0.00      0.00      0.00      0.00    100.00
01:16:43 AM      18      0.00      0.00      0.00      0.00      0.00    100.00
01:16:43 AM      19      0.00      0.00      0.00      0.00      0.00    100.00
01:16:43 AM      20      0.00      0.00      0.00      0.00      0.00    100.00
01:16:43 AM      21      0.00      0.00      0.00      0.00      0.00    100.00
01:16:43 AM      22      0.00      0.00      0.00      0.00      0.00    100.00
01:16:43 AM      23      0.00      0.00      0.00      0.00      0.00    100.00
01:16:43 AM      24      0.00      0.00      0.00      0.00      0.00    100.00
01:16:43 AM      25      0.00      0.00      1.00      0.00      0.00     99.00
01:16:43 AM      26      0.00      0.00      0.00      0.00      0.00    100.00
01:16:43 AM      27      0.00      0.00      0.00      0.00      0.00    100.00
01:16:43 AM      28      0.00      0.00      0.00      0.00      0.00    100.00
01:16:43 AM      29      0.00      0.00      0.00      0.00      0.00    100.00
01:16:43 AM      30      0.00      0.00      0.00      0.00      0.00    100.00
01:16:43 AM      31      0.00      0.00      0.00      0.00      0.00    100.00
01:16:43 AM      32      0.00      0.00      0.00      0.00      0.00    100.00
01:16:43 AM      33      0.00      0.00      0.00      0.00      0.00    100.00
01:16:43 AM      34      0.00      0.00      0.00      0.00      0.00    100.00
01:16:43 AM      35      0.00      0.00      0.00      0.00      0.00    100.00
01:16:43 AM      36      0.00      0.00      0.00      0.00      0.00    100.00
01:16:43 AM      37      0.00      0.00      0.00      0.00      0.00    100.00
01:16:43 AM      38      0.00      0.00      0.00      0.00      0.00    100.00
01:16:43 AM      39      0.00      0.00      0.00      0.00      0.00    100.00
01:16:43 AM      40      0.00      0.00      0.00      0.00      0.00    100.00
01:16:43 AM      41      0.00      0.00      0.00      0.00      0.00    100.00
01:16:43 AM      42      0.00      0.00      0.00      0.00      0.00    100.00
01:16:43 AM      43      0.00      0.00      0.00      0.00      0.00    100.00
01:16:43 AM      44      0.00      0.00      0.00      0.00      0.00    100.00
01:16:43 AM      45      0.00      0.00      0.00      0.00      0.00    100.00
01:16:43 AM      46      0.00      0.00      0.00      0.00      0.00    100.00
01:16:43 AM      47      0.00      0.00      0.00      0.00      0.00    100.00

01:16:43 AM     CPU     %user     %nice   %system   %iowait    %steal     %idle
01:16:44 AM     all      0.34      0.00      1.74      0.00      0.00     97.92
01:16:44 AM       0     16.67      0.00     78.43      0.00      0.00      4.90
01:16:44 AM       1      0.00      0.00      0.00      0.00      0.00    100.00
01:16:44 AM       2      0.00      0.00      0.00      0.00      0.00    100.00
01:16:44 AM       3      0.00      0.00      0.00      0.00      0.00    100.00
01:16:44 AM       4      0.00      0.00      0.00      0.00      0.00    100.00
01:16:44 AM       5      0.00      0.00      0.00      0.00      0.00    100.00
01:16:44 AM       6      0.00      0.00      0.00      0.00      0.00    100.00
01:16:44 AM       7      0.00      0.00      0.00      0.00      0.00    100.00
01:16:44 AM       8      0.00      0.00      5.00      0.00      0.00     95.00
01:16:44 AM       9      0.00      0.00      0.00      0.00      0.00    100.00
01:16:44 AM      10      0.00      0.00      0.00      0.00      0.00    100.00
01:16:44 AM      11      0.00      0.00      0.00      0.00      0.00    100.00
01:16:44 AM      12      0.00      0.00      0.00      0.00      0.00    100.00
01:16:44 AM      13      0.00      0.00      0.00      0.00      0.00    100.00
01:16:44 AM      14      0.00      0.00      0.00      0.00      0.00    100.00
01:16:44 AM      15      0.00      0.00      0.00      0.00      0.00    100.00
01:16:44 AM      16      0.00      0.00      0.00      0.00      0.00    100.00
01:16:44 AM      17      0.00      0.00      0.00      0.00      0.00    100.00
01:16:44 AM      18      0.00      0.00      0.00      0.00      0.00    100.00
01:16:44 AM      19      0.00      0.00      1.00      0.00      0.00     99.00
01:16:44 AM      20      0.00      0.00      0.00      0.00      0.00    100.00
01:16:44 AM      21      0.00      0.00      0.00      0.00      0.00    100.00
01:16:44 AM      22      0.00      0.00      0.00      0.00      0.00    100.00
01:16:44 AM      23      0.00      0.00      0.00      0.00      0.00    100.00
01:16:44 AM      24      0.00      0.00      0.00      0.00      0.00    100.00
01:16:44 AM      25      0.00      0.00      1.00      0.00      0.00     99.00
01:16:44 AM      26      0.00      0.00      0.00      0.00      0.00    100.00
01:16:44 AM      27      0.00      0.00      0.00      0.00      0.00    100.00
01:16:44 AM      28      0.00      0.00      0.00      0.00      0.00    100.00
01:16:44 AM      29      0.00      0.00      0.00      0.00      0.00    100.00
01:16:44 AM      30      0.00      0.00      0.00      0.00      0.00    100.00
01:16:44 AM      31      0.00      0.00      0.00      0.00      0.00    100.00
01:16:44 AM      32      0.00      0.00      0.00      0.00      0.00    100.00
01:16:44 AM      33      0.00      0.00      0.00      0.00      0.00    100.00
01:16:44 AM      34      0.00      0.00      0.00      0.00      0.00    100.00
01:16:44 AM      35      0.00      0.00      0.00      0.00      0.00    100.00
01:16:44 AM      36      0.00      0.00      0.00      0.00      0.00    100.00
01:16:44 AM      37      0.00      0.00      0.00      0.00      0.00    100.00
01:16:44 AM      38      0.00      0.00      0.00      0.00      0.00    100.00
01:16:44 AM      39      0.00      0.00      0.00      0.00      0.00    100.00
01:16:44 AM      40      0.00      0.00      0.00      0.00      0.00    100.00
01:16:44 AM      41      0.00      0.00      0.00      0.00      0.00    100.00
01:16:44 AM      42      0.00      0.00      0.00      0.00      0.00    100.00
01:16:44 AM      43      0.00      0.00      0.00      0.00      0.00    100.00
01:16:44 AM      44      0.00      0.00      0.00      0.00      0.00    100.00
01:16:44 AM      45      0.00      0.00      0.00      0.00      0.00    100.00
01:16:44 AM      46      0.00      0.00      0.00      0.00      0.00    100.00
01:16:44 AM      47      0.00      0.00      0.00      0.00      0.00    100.00

01:16:44 AM     CPU     %user     %nice   %system   %iowait    %steal     %idle
01:16:45 AM     all      0.30      0.00      1.76      0.06      0.00     97.88
01:16:45 AM       0     13.13      0.00     82.83      0.00      0.00      4.04
01:16:45 AM       1      0.00      0.00      0.00      0.00      0.00    100.00
01:16:45 AM       2      1.00      0.00      0.00      0.00      0.00     99.00
01:16:45 AM       3      0.00      0.00      0.00      0.00      0.00    100.00
01:16:45 AM       4      0.00      0.00      0.00      0.00      0.00    100.00
01:16:45 AM       5      0.00      0.00      0.00      0.00      0.00    100.00
01:16:45 AM       6      0.00      0.00      0.00      2.97      0.00     97.03
01:16:45 AM       7      0.00      0.00      0.00      0.00      0.00    100.00
01:16:45 AM       8      0.00      0.00      0.00      0.00      0.00    100.00
01:16:45 AM       9      0.00      0.00      0.00      0.00      0.00    100.00
01:16:45 AM      10      0.00      0.00      0.00      0.00      0.00    100.00
01:16:45 AM      11      0.00      0.00      0.00      0.00      0.00    100.00
01:16:45 AM      12      0.00      0.00      0.00      0.00      0.00    100.00
01:16:45 AM      13      0.00      0.00      0.00      0.00      0.00    100.00
01:16:45 AM      14      0.00      0.00      0.00      0.00      0.00    100.00
01:16:45 AM      15      0.00      0.00      0.00      0.00      0.00    100.00
01:16:45 AM      16      0.00      0.00      0.00      0.00      0.00    100.00
01:16:45 AM      17      0.00      0.00      0.00      0.00      0.00    100.00
01:16:45 AM      18      0.00      0.00      0.00      0.00      0.00    100.00
01:16:45 AM      19      0.00      0.00      0.00      0.00      0.00    100.00
01:16:45 AM      20      0.00      0.00      0.00      0.00      0.00    100.00
01:16:45 AM      21      0.00      0.00      0.00      0.00      0.00    100.00
01:16:45 AM      22      0.00      0.00      0.00      0.00      0.00    100.00
01:16:45 AM      23      0.00      0.00      0.00      0.00      0.00    100.00
01:16:45 AM      24      0.00      0.00      0.00      0.00      0.00    100.00
01:16:45 AM      25      0.00      0.00      0.00      0.00      0.00    100.00
01:16:45 AM      26      0.00      0.00      0.00      0.00      0.00    100.00
01:16:45 AM      27      0.00      0.00      0.00      0.00      0.00    100.00
01:16:45 AM      28      0.00      0.00      0.00      0.00      0.00    100.00
01:16:45 AM      29      0.00      0.00      0.00      0.00      0.00    100.00
01:16:45 AM      30      0.00      0.00      0.00      0.00      0.00    100.00
01:16:45 AM      31      0.00      0.00      0.00      0.00      0.00    100.00
01:16:45 AM      32      0.00      0.00      0.00      0.00      0.00    100.00
01:16:45 AM      33      0.00      0.00      0.00      0.00      0.00    100.00
01:16:45 AM      34      0.00      0.00      0.00      0.00      0.00    100.00
01:16:45 AM      35      0.00      0.00      0.00      0.00      0.00    100.00
01:16:45 AM      36      0.00      0.00      0.00      0.00      0.00    100.00
01:16:45 AM      37      0.00      0.00      0.00      0.00      0.00    100.00
01:16:45 AM      38      0.00      0.00      0.00      0.00      0.00    100.00
01:16:45 AM      39      0.00      0.00      0.00      0.00      0.00    100.00
01:16:45 AM      40      0.00      0.00      0.00      0.00      0.00    100.00
01:16:45 AM      41      0.00      0.00      0.00      0.00      0.00    100.00
01:16:45 AM      42      0.00      0.00      0.00      0.00      0.00    100.00
01:16:45 AM      43      0.00      0.00      0.00      0.00      0.00    100.00
01:16:45 AM      44      0.00      0.00      0.00      0.00      0.00    100.00
01:16:45 AM      45      0.00      0.00      0.00      0.00      0.00    100.00
01:16:45 AM      46      0.00      0.00      0.00      0.00      0.00    100.00
01:16:45 AM      47      0.00      0.00      0.00      0.00      0.00    100.00

01:16:45 AM     CPU     %user     %nice   %system   %iowait    %steal     %idle
01:16:46 AM     all      0.30      0.00      1.72      0.00      0.00     97.99
01:16:46 AM       0     15.15      0.00     79.80      0.00      0.00      5.05
01:16:46 AM       1      0.00      0.00      0.00      0.00      0.00    100.00
01:16:46 AM       2      0.00      0.00      0.00      0.00      0.00    100.00
01:16:46 AM       3      0.00      0.00      0.00      0.00      0.00    100.00
01:16:46 AM       4      0.00      0.00      0.00      0.00      0.00    100.00
01:16:46 AM       5      0.00      0.00      0.00      0.00      0.00    100.00
01:16:46 AM       6      0.00      0.00      0.00      0.00      0.00    100.00
01:16:46 AM       7      0.00      0.00      0.00      0.00      0.00    100.00
01:16:46 AM       8      0.00      0.00      4.76      0.00      0.00     95.24
01:16:46 AM       9      0.00      0.00      0.00      0.00      0.00    100.00
01:16:46 AM      10      0.00      0.00      0.00      0.00      0.00    100.00
01:16:46 AM      11      0.00      0.00      0.00      0.00      0.00    100.00
01:16:46 AM      12      0.00      0.00      0.00      0.00      0.00    100.00
01:16:46 AM      13      0.00      0.00      0.00      0.00      0.00    100.00
01:16:46 AM      14      0.00      0.00      0.00      0.00      0.00    100.00
01:16:46 AM      15      0.00      0.00      0.00      0.00      0.00    100.00
01:16:46 AM      16      0.00      0.00      0.00      0.00      0.00    100.00
01:16:46 AM      17      0.00      0.00      0.00      0.00      0.00    100.00
01:16:46 AM      18      0.00      0.00      0.00      0.00      0.00    100.00
01:16:46 AM      19      0.00      0.00      0.00      0.00      0.00    100.00
01:16:46 AM      20      0.00      0.00      0.00      0.00      0.00    100.00
01:16:46 AM      21      0.00      0.00      0.00      0.00      0.00    100.00
01:16:46 AM      22      0.00      0.00      0.00      0.00      0.00    100.00
01:16:46 AM      23      0.00      0.00      0.00      0.00      0.00    100.00
01:16:46 AM      24      0.00      0.00      0.00      0.00      0.00    100.00
01:16:46 AM      25      0.00      0.00      0.99      0.00      0.00     99.01
01:16:46 AM      26      0.00      0.00      0.00      0.00      0.00    100.00
01:16:46 AM      27      0.00      0.00      0.00      0.00      0.00    100.00
01:16:46 AM      28      0.00      0.00      0.00      0.00      0.00    100.00
01:16:46 AM      29      0.00      0.00      0.00      0.00      0.00    100.00
01:16:46 AM      30      0.00      0.00      0.00      0.00      0.00    100.00
01:16:46 AM      31      0.00      0.00      0.00      0.00      0.00    100.00
01:16:46 AM      32      0.00      0.00      0.00      0.00      0.00    100.00
01:16:46 AM      33      0.00      0.00      0.00      0.00      0.00    100.00
01:16:46 AM      34      0.00      0.00      0.00      0.00      0.00    100.00
01:16:46 AM      35      0.00      0.00      0.00      0.00      0.00    100.00
01:16:46 AM      36      0.00      0.00      0.00      0.00      0.00    100.00
01:16:46 AM      37      0.00      0.00      0.00      0.00      0.00    100.00
01:16:46 AM      38      0.00      0.00      0.00      0.00      0.00    100.00
01:16:46 AM      39      0.00      0.00      0.00      0.00      0.00    100.00
01:16:46 AM      40      0.00      0.00      0.00      0.00      0.00    100.00
01:16:46 AM      41      0.00      0.00      0.00      0.00      0.00    100.00
01:16:46 AM      42      0.00      0.00      0.00      0.00      0.00    100.00
01:16:46 AM      43      0.00      0.00      0.00      0.00      0.00    100.00
01:16:46 AM      44      0.00      0.00      0.00      0.00      0.00    100.00
01:16:46 AM      45      0.00      0.00      0.00      0.00      0.00    100.00
01:16:46 AM      46      0.00      0.00      0.00      0.00      0.00    100.00
01:16:46 AM      47      0.00      0.00      0.00      0.00      0.00    100.00

01:16:46 AM     CPU     %user     %nice   %system   %iowait    %steal     %idle
01:16:47 AM     all      0.34      0.00      1.72      0.00      0.00     97.94
01:16:47 AM       0     15.00      0.00     81.00      0.00      0.00      4.00
01:16:47 AM       1      0.00      0.00      0.00      0.00      0.00    100.00
01:16:47 AM       2      0.00      0.00      0.00      0.00      0.00    100.00
01:16:47 AM       3      0.00      0.00      0.00      0.00      0.00    100.00
01:16:47 AM       4      0.00      0.00      0.00      0.00      0.00    100.00
01:16:47 AM       5      0.00      0.00      0.00      0.00      0.00    100.00
01:16:47 AM       6      0.00      0.00      0.00      0.00      0.00    100.00
01:16:47 AM       7      0.00      0.00      0.00      0.00      0.00    100.00
01:16:47 AM       8      0.00      0.00      0.00      0.00      0.00    100.00
01:16:47 AM       9      0.00      0.00      0.00      0.00      0.00    100.00
01:16:47 AM      10      0.00      0.00      0.00      0.00      0.00    100.00
01:16:47 AM      11      0.00      0.00      0.00      0.00      0.00    100.00
01:16:47 AM      12      0.00      0.00      0.00      0.00      0.00    100.00
01:16:47 AM      13      0.00      0.00      0.00      0.00      0.00    100.00
01:16:47 AM      14      0.00      0.00      0.00      0.00      0.00    100.00
01:16:47 AM      15      0.00      0.00      0.00      0.00      0.00    100.00
01:16:47 AM      16      0.00      0.00      0.00      0.00      0.00    100.00
01:16:47 AM      17      0.00      0.00      0.00      0.00      0.00    100.00
01:16:47 AM      18      0.00      0.00      0.00      0.00      0.00    100.00
01:16:47 AM      19      0.00      0.00      0.00      0.00      0.00    100.00
01:16:47 AM      20      0.00      0.00      0.00      0.00      0.00    100.00
01:16:47 AM      21      0.00      0.00      0.00      0.00      0.00    100.00
01:16:47 AM      22      0.00      0.00      0.00      0.00      0.00    100.00
01:16:47 AM      23      0.00      0.00      0.00      0.00      0.00    100.00
01:16:47 AM      24      0.00      0.00      0.00      0.00      0.00    100.00
01:16:47 AM      25      0.00      0.00      1.00      0.00      0.00     99.00
01:16:47 AM      26      0.00      0.00      0.00      0.00      0.00    100.00
01:16:47 AM      27      0.00      0.00      0.00      0.00      0.00    100.00
01:16:47 AM      28      0.00      0.00      0.00      0.00      0.00    100.00
01:16:47 AM      29      0.00      0.00      0.00      0.00      0.00    100.00
01:16:47 AM      30      0.00      0.00      0.00      0.00      0.00    100.00
01:16:47 AM      31      0.00      0.00      0.00      0.00      0.00    100.00
01:16:47 AM      32      0.00      0.00      0.00      0.00      0.00    100.00
01:16:47 AM      33      0.00      0.00      0.00      0.00      0.00    100.00
01:16:47 AM      34      0.00      0.00      0.00      0.00      0.00    100.00
01:16:47 AM      35      0.00      0.00      0.00      0.00      0.00    100.00
01:16:47 AM      36      0.00      0.00      0.00      0.00      0.00    100.00
01:16:47 AM      37      0.00      0.00      0.00      0.00      0.00    100.00
01:16:47 AM      38      0.00      0.00      0.00      0.00      0.00    100.00
01:16:47 AM      39      0.00      0.00      0.00      0.00      0.00    100.00
01:16:47 AM      40      0.00      0.00      0.00      0.00      0.00    100.00
01:16:47 AM      41      0.00      0.00      0.00      0.00      0.00    100.00
01:16:47 AM      42      0.00      0.00      0.00      0.00      0.00    100.00
01:16:47 AM      43      0.00      0.00      0.00      0.00      0.00    100.00
01:16:47 AM      44      0.00      0.00      0.00      0.00      0.00    100.00
01:16:47 AM      45      0.00      0.00      0.00      0.00      0.00    100.00
01:16:47 AM      46      0.00      0.00      0.00      0.00      0.00    100.00
01:16:47 AM      47      0.00      0.00      0.00      0.00      0.00    100.00

01:16:47 AM     CPU     %user     %nice   %system   %iowait    %steal     %idle
01:16:48 AM     all      0.30      0.00      1.70      0.00      0.00     98.01
01:16:48 AM       0     15.31      0.00     80.61      0.00      0.00      4.08
01:16:48 AM       1      0.00      0.00      0.00      0.00      0.00    100.00
01:16:48 AM       2      0.00      0.00      0.00      0.00      0.00    100.00
01:16:48 AM       3      0.00      0.00      0.00      0.00      0.00    100.00
01:16:48 AM       4      0.00      0.00      0.00      0.00      0.00    100.00
01:16:48 AM       5      0.00      0.00      0.00      0.00      0.00    100.00
01:16:48 AM       6      0.00      0.00      0.00      0.00      0.00    100.00
01:16:48 AM       7      0.00      0.00      0.00      0.00      0.00    100.00
01:16:48 AM       8      0.00      0.00      0.00      0.00      0.00    100.00
01:16:48 AM       9      0.00      0.00      0.00      0.00      0.00    100.00
01:16:48 AM      10      0.00      0.00      0.00      0.00      0.00    100.00
01:16:48 AM      11      0.00      0.00      0.00      0.00      0.00    100.00
01:16:48 AM      12      0.00      0.00      0.00      0.00      0.00    100.00
01:16:48 AM      13      0.00      0.00      0.00      0.00      0.00    100.00
01:16:48 AM      14      0.00      0.00      0.00      0.00      0.00    100.00
01:16:48 AM      15      0.00      0.00      0.00      0.00      0.00    100.00
01:16:48 AM      16      0.00      0.00      0.00      0.00      0.00    100.00
01:16:48 AM      17      0.00      0.00      0.00      0.00      0.00    100.00
01:16:48 AM      18      0.00      0.00      0.00      0.00      0.00    100.00
01:16:48 AM      19      0.00      0.00      0.00      0.00      0.00    100.00
01:16:48 AM      20      0.00      0.00      0.00      0.00      0.00    100.00
01:16:48 AM      21      0.00      0.00      0.00      0.00      0.00    100.00
01:16:48 AM      22      0.00      0.00      0.00      0.00      0.00    100.00
01:16:48 AM      23      0.00      0.00      0.00      0.00      0.00    100.00
01:16:48 AM      24      0.00      0.00      0.00      0.00      0.00    100.00
01:16:48 AM      25      0.00      0.00      1.00      0.00      0.00     99.00
01:16:48 AM      26      0.00      0.00      0.00      0.00      0.00    100.00
01:16:48 AM      27      0.00      0.00      0.00      0.00      0.00    100.00
01:16:48 AM      28      0.00      0.00      0.00      0.00      0.00    100.00
01:16:48 AM      29      0.00      0.00      0.00      0.00      0.00    100.00
01:16:48 AM      30      0.00      0.00      0.00      0.00      0.00    100.00
01:16:48 AM      31      0.00      0.00      0.00      0.00      0.00    100.00
01:16:48 AM      32      0.00      0.00      0.00      0.00      0.00    100.00
01:16:48 AM      33      0.00      0.00      0.00      0.00      0.00    100.00
01:16:48 AM      34      0.00      0.00      0.00      0.00      0.00    100.00
01:16:48 AM      35      0.00      0.00      0.00      0.00      0.00    100.00
01:16:48 AM      36      0.00      0.00      0.00      0.00      0.00    100.00
01:16:48 AM      37      0.00      0.00      0.00      0.00      0.00    100.00
01:16:48 AM      38      0.00      0.00      0.00      0.00      0.00    100.00
01:16:48 AM      39      0.00      0.00      0.00      0.00      0.00    100.00
01:16:48 AM      40      0.00      0.00      0.00      0.00      0.00    100.00
01:16:48 AM      41      0.00      0.00      0.00      0.00      0.00    100.00
01:16:48 AM      42      0.00      0.00      0.00      0.00      0.00    100.00
01:16:48 AM      43      0.00      0.00      0.00      0.00      0.00    100.00
01:16:48 AM      44      0.00      0.00      0.00      0.00      0.00    100.00
01:16:48 AM      45      0.00      0.00      0.00      0.00      0.00    100.00
01:16:48 AM      46      0.00      0.00      0.00      0.00      0.00    100.00
01:16:48 AM      47      0.00      0.00      0.00      0.00      0.00    100.00

01:16:48 AM     CPU     %user     %nice   %system   %iowait    %steal     %idle
01:16:49 AM     all      0.34      0.00      1.76      0.00      0.00     97.90
01:16:49 AM       0     14.85      0.00     80.20      0.00      0.00      4.95
01:16:49 AM       1      0.00      0.00      0.00      0.00      0.00    100.00
01:16:49 AM       2      0.00      0.00      0.00      0.00      0.00    100.00
01:16:49 AM       3      0.00      0.00      0.00      0.00      0.00    100.00
01:16:49 AM       4      0.00      0.00      0.00      0.00      0.00    100.00
01:16:49 AM       5      0.00      0.00      0.00      0.00      0.00    100.00
01:16:49 AM       6      0.00      0.00      0.00      0.00      0.00    100.00
01:16:49 AM       7      0.00      0.00      0.00      0.00      0.00    100.00
01:16:49 AM       8      0.00      0.00      5.00      0.00      0.00     95.00
01:16:49 AM       9      0.00      0.00      0.00      0.00      0.00    100.00
01:16:49 AM      10      0.00      0.00      0.00      0.00      0.00    100.00
01:16:49 AM      11      0.00      0.00      0.00      0.00      0.00    100.00
01:16:49 AM      12      0.00      0.00      0.00      0.00      0.00    100.00
01:16:49 AM      13      0.00      0.00      0.00      0.00      0.00    100.00
01:16:49 AM      14      0.00      0.00      0.00      0.00      0.00    100.00
01:16:49 AM      15      0.00      0.00      0.00      0.00      0.00    100.00
01:16:49 AM      16      0.00      0.00      0.00      0.00      0.00    100.00
01:16:49 AM      17      0.00      0.00      0.00      0.00      0.00    100.00
01:16:49 AM      18      0.00      0.00      0.00      0.00      0.00    100.00
01:16:49 AM      19      0.00      0.00      0.00      0.00      0.00    100.00
01:16:49 AM      20      0.00      0.00      0.00      0.00      0.00    100.00
01:16:49 AM      21      0.00      0.00      0.00      0.00      0.00    100.00
01:16:49 AM      22      0.00      0.00      0.00      0.00      0.00    100.00
01:16:49 AM      23      0.00      0.00      0.00      0.00      0.00    100.00
01:16:49 AM      24      0.00      0.00      0.00      0.00      0.00    100.00
01:16:49 AM      25      0.00      0.00      0.00      0.00      0.00    100.00
01:16:49 AM      26      0.00      0.00      0.00      0.00      0.00    100.00
01:16:49 AM      27      0.00      0.00      0.00      0.00      0.00    100.00
01:16:49 AM      28      0.00      0.00      0.00      0.00      0.00    100.00
01:16:49 AM      29      0.00      0.00      0.00      0.00      0.00    100.00
01:16:49 AM      30      0.00      0.00      0.00      0.00      0.00    100.00
01:16:49 AM      31      0.00      0.00      0.00      0.00      0.00    100.00
01:16:49 AM      32      0.00      0.00      0.00      0.00      0.00    100.00
01:16:49 AM      33      0.00      0.00      0.00      0.00      0.00    100.00
01:16:49 AM      34      0.00      0.00      0.00      0.00      0.00    100.00
01:16:49 AM      35      0.00      0.00      0.00      0.00      0.00    100.00
01:16:49 AM      36      0.00      0.00      0.00      0.00      0.00    100.00
01:16:49 AM      37      0.00      0.00      0.00      0.00      0.00    100.00
01:16:49 AM      38      0.00      0.00      0.00      0.00      0.00    100.00
01:16:49 AM      39      0.00      0.00      0.00      0.00      0.00    100.00
01:16:49 AM      40      0.00      0.00      0.00      0.00      0.00    100.00
01:16:49 AM      41      0.00      0.00      0.00      0.00      0.00    100.00
01:16:49 AM      42      0.00      0.00      0.00      0.00      0.00    100.00
01:16:49 AM      43      0.00      0.00      0.00      0.00      0.00    100.00
01:16:49 AM      44      0.00      0.00      0.00      0.00      0.00    100.00
01:16:49 AM      45      0.00      0.00      0.00      0.00      0.00    100.00
01:16:49 AM      46      0.00      0.00      0.00      0.00      0.00    100.00
01:16:49 AM      47      0.00      0.00      0.00      0.00      0.00    100.00

01:16:49 AM     CPU     %user     %nice   %system   %iowait    %steal     %idle
01:16:50 AM     all      0.30      0.00      1.76      0.06      0.00     97.88
01:16:50 AM       0     14.00      0.00     82.00      0.00      0.00      4.00
01:16:50 AM       1      0.00      0.00      0.00      0.00      0.00    100.00
01:16:50 AM       2      0.00      0.00      0.00      0.00      0.00    100.00
01:16:50 AM       3      0.00      0.00      0.00      0.00      0.00    100.00
01:16:50 AM       4      0.00      0.00      0.00      0.00      0.00    100.00
01:16:50 AM       5      0.00      0.00      0.00      0.00      0.00    100.00
01:16:50 AM       6      0.00      0.00      0.00      0.00      0.00    100.00
01:16:50 AM       7      0.00      0.00      0.00      3.00      0.00     97.00
01:16:50 AM       8      0.00      0.00      0.00      0.00      0.00    100.00
01:16:50 AM       9      0.00      0.00      0.00      0.00      0.00    100.00
01:16:50 AM      10      0.00      0.00      0.00      0.00      0.00    100.00
01:16:50 AM      11      0.00      0.00      0.00      0.00      0.00    100.00
01:16:50 AM      12      0.00      0.00      0.00      0.00      0.00    100.00
01:16:50 AM      13      0.00      0.00      0.00      0.00      0.00    100.00
01:16:50 AM      14      0.00      0.00      0.00      0.00      0.00    100.00
01:16:50 AM      15      0.00      0.00      0.00      0.00      0.00    100.00
01:16:50 AM      16      0.00      0.00      0.00      0.00      0.00    100.00
01:16:50 AM      17      0.00      0.00      0.00      0.00      0.00    100.00
01:16:50 AM      18      0.00      0.00      0.00      0.00      0.00    100.00
01:16:50 AM      19      0.00      0.00      0.00      0.00      0.00    100.00
01:16:50 AM      20      0.00      0.00      0.00      0.00      0.00    100.00
01:16:50 AM      21      0.00      0.00      0.00      0.00      0.00    100.00
01:16:50 AM      22      0.00      0.00      0.00      0.00      0.00    100.00
01:16:50 AM      23      0.00      0.00      0.00      0.00      0.00    100.00
01:16:50 AM      24      0.00      0.00      0.00      0.00      0.00    100.00
01:16:50 AM      25      0.00      0.00      0.99      0.00      0.00     99.01
01:16:50 AM      26      0.00      0.00      0.00      0.00      0.00    100.00
01:16:50 AM      27      0.00      0.00      0.00      0.00      0.00    100.00
01:16:50 AM      28      0.00      0.00      0.00      0.00      0.00    100.00
01:16:50 AM      29      0.00      0.00      0.00      0.00      0.00    100.00
01:16:50 AM      30      0.00      0.00      0.00      0.00      0.00    100.00
01:16:50 AM      31      0.00      0.00      0.00      0.00      0.00    100.00
01:16:50 AM      32      0.00      0.00      0.00      0.00      0.00    100.00
01:16:50 AM      33      0.00      0.00      0.00      0.00      0.00    100.00
01:16:50 AM      34      0.00      0.00      0.00      0.00      0.00    100.00
01:16:50 AM      35      0.00      0.00      0.00      0.00      0.00    100.00
01:16:50 AM      36      0.00      0.00      0.00      0.00      0.00    100.00
01:16:50 AM      37      0.00      0.00      0.00      0.00      0.00    100.00
01:16:50 AM      38      0.00      0.00      0.00      0.00      0.00    100.00
01:16:50 AM      39      0.00      0.00      0.00      0.00      0.00    100.00
01:16:50 AM      40      0.00      0.00      0.00      0.00      0.00    100.00
01:16:50 AM      41      0.00      0.00      0.00      0.00      0.00    100.00
01:16:50 AM      42      0.00      0.00      0.00      0.00      0.00    100.00
01:16:50 AM      43      0.00      0.00      0.00      0.00      0.00    100.00
01:16:50 AM      44      0.00      0.00      0.00      0.00      0.00    100.00
01:16:50 AM      45      0.00      0.00      0.00      0.00      0.00    100.00
01:16:50 AM      46      0.00      0.00      0.00      0.00      0.00    100.00
01:16:50 AM      47      0.00      0.00      0.00      0.00      0.00    100.00

01:16:50 AM     CPU     %user     %nice   %system   %iowait    %steal     %idle
01:16:51 AM     all      0.30      0.00      1.72      0.00      0.00     97.99
01:16:51 AM       0     15.15      0.00     79.80      0.00      0.00      5.05
01:16:51 AM       1      0.00      0.00      0.00      0.00      0.00    100.00
01:16:51 AM       2      0.00      0.00      0.00      0.00      0.00    100.00
01:16:51 AM       3      0.00      0.00      0.00      0.00      0.00    100.00
01:16:51 AM       4      0.00      0.00      0.00      0.00      0.00    100.00
01:16:51 AM       5      0.00      0.00      0.00      0.00      0.00    100.00
01:16:51 AM       6      0.00      0.00      0.00      0.00      0.00    100.00
01:16:51 AM       7      0.00      0.00      0.00      0.00      0.00    100.00
01:16:51 AM       8      0.00      0.00      4.76      0.00      0.00     95.24
01:16:51 AM       9      0.00      0.00      0.00      0.00      0.00    100.00
01:16:51 AM      10      0.00      0.00      0.00      0.00      0.00    100.00
01:16:51 AM      11      0.00      0.00      0.00      0.00      0.00    100.00
01:16:51 AM      12      0.00      0.00      0.00      0.00      0.00    100.00
01:16:51 AM      13      0.00      0.00      0.00      0.00      0.00    100.00
01:16:51 AM      14      0.00      0.00      0.00      0.00      0.00    100.00
01:16:51 AM      15      0.00      0.00      0.00      0.00      0.00    100.00
01:16:51 AM      16      0.00      0.00      0.00      0.00      0.00    100.00
01:16:51 AM      17      0.00      0.00      0.00      0.00      0.00    100.00
01:16:51 AM      18      0.00      0.00      0.00      0.00      0.00    100.00
01:16:51 AM      19      0.00      0.00      0.00      0.00      0.00    100.00
01:16:51 AM      20      0.00      0.00      0.00      0.00      0.00    100.00
01:16:51 AM      21      0.00      0.00      0.00      0.00      0.00    100.00
01:16:51 AM      22      0.00      0.00      0.00      0.00      0.00    100.00
01:16:51 AM      23      0.00      0.00      0.00      0.00      0.00    100.00
01:16:51 AM      24      0.00      0.00      0.00      0.00      0.00    100.00
01:16:51 AM      25      0.00      0.00      1.00      0.00      0.00     99.00
01:16:51 AM      26      0.00      0.00      0.00      0.00      0.00    100.00
01:16:51 AM      27      0.00      0.00      0.00      0.00      0.00    100.00
01:16:51 AM      28      0.00      0.00      0.00      0.00      0.00    100.00
01:16:51 AM      29      0.00      0.00      0.00      0.00      0.00    100.00
01:16:51 AM      30      0.00      0.00      0.00      0.00      0.00    100.00
01:16:51 AM      31      0.00      0.00      0.00      0.00      0.00    100.00
01:16:51 AM      32      0.00      0.00      0.00      0.00      0.00    100.00
01:16:51 AM      33      0.00      0.00      0.00      0.00      0.00    100.00
01:16:51 AM      34      0.00      0.00      0.00      0.00      0.00    100.00
01:16:51 AM      35      0.00      0.00      0.00      0.00      0.00    100.00
01:16:51 AM      36      0.00      0.00      0.00      0.00      0.00    100.00
01:16:51 AM      37      0.00      0.00      0.00      0.00      0.00    100.00
01:16:51 AM      38      0.00      0.00      0.00      0.00      0.00    100.00
01:16:51 AM      39      0.00      0.00      0.00      0.00      0.00    100.00
01:16:51 AM      40      0.00      0.00      0.00      0.00      0.00    100.00
01:16:51 AM      41      0.00      0.00      0.00      0.00      0.00    100.00
01:16:51 AM      42      0.00      0.00      0.00      0.00      0.00    100.00
01:16:51 AM      43      0.00      0.00      0.00      0.00      0.00    100.00
01:16:51 AM      44      0.00      0.00      0.00      0.00      0.00    100.00
01:16:51 AM      45      0.00      0.00      0.00      0.00      0.00    100.00
01:16:51 AM      46      0.00      0.00      0.00      0.00      0.00    100.00
01:16:51 AM      47      0.00      0.00      0.00      0.00      0.00    100.00

01:16:51 AM     CPU     %user     %nice   %system   %iowait    %steal     %idle
01:16:52 AM     all      0.10      0.00      0.52      0.00      0.00     99.37
01:16:52 AM       0      4.04      0.00     24.24      0.00      0.00     71.72
01:16:52 AM       1      0.00      0.00      0.00      0.00      0.00    100.00
01:16:52 AM       2      0.00      0.00      0.00      0.00      0.00    100.00
01:16:52 AM       3      0.00      0.00      0.00      0.00      0.00    100.00
01:16:52 AM       4      0.00      0.00      0.00      0.00      0.00    100.00
01:16:52 AM       5      0.00      0.00      0.00      0.00      0.00    100.00
01:16:52 AM       6      0.00      0.00      0.00      0.00      0.00    100.00
01:16:52 AM       7      0.00      0.00      0.00      0.00      0.00    100.00
01:16:52 AM       8      0.00      0.00      0.00      0.00      0.00    100.00
01:16:52 AM       9      0.00      0.00      0.00      0.00      0.00    100.00
01:16:52 AM      10      0.00      0.00      0.00      0.00      0.00    100.00
01:16:52 AM      11      0.00      0.00      0.00      0.00      0.00    100.00
01:16:52 AM      12      0.00      0.00      0.00      0.00      0.00    100.00
01:16:52 AM      13      0.00      0.00      0.00      0.00      0.00    100.00
01:16:52 AM      14      0.00      0.00      0.00      0.00      0.00    100.00
01:16:52 AM      15      0.00      0.00      0.00      0.00      0.00    100.00
01:16:52 AM      16      0.00      0.00      0.00      0.00      0.00    100.00
01:16:52 AM      17      0.00      0.00      0.00      0.00      0.00    100.00
01:16:52 AM      18      0.00      0.00      0.00      0.00      0.00    100.00
01:16:52 AM      19      0.00      0.00      0.00      0.00      0.00    100.00
01:16:52 AM      20      0.00      0.00      0.00      0.00      0.00    100.00
01:16:52 AM      21      0.00      0.00      0.00      0.00      0.00    100.00
01:16:52 AM      22      0.00      0.00      0.00      0.00      0.00    100.00
01:16:52 AM      23      0.00      0.00      0.00      0.00      0.00    100.00
01:16:52 AM      24      0.00      0.00      0.00      0.00      0.00    100.00
01:16:52 AM      25      0.00      0.00      0.00      0.00      0.00    100.00
01:16:52 AM      26      0.00      0.00      0.00      0.00      0.00    100.00
01:16:52 AM      27      0.00      0.00      0.00      0.00      0.00    100.00
01:16:52 AM      28      0.00      0.00      0.00      0.00      0.00    100.00
01:16:52 AM      29      0.00      0.00      0.00      0.00      0.00    100.00
01:16:52 AM      30      0.00      0.00      0.00      0.00      0.00    100.00
01:16:52 AM      31      0.00      0.00      0.00      0.00      0.00    100.00
01:16:52 AM      32      0.00      0.00      0.00      0.00      0.00    100.00
01:16:52 AM      33      0.00      0.00      0.00      0.00      0.00    100.00
01:16:52 AM      34      0.00      0.00      0.00      0.00      0.00    100.00
01:16:52 AM      35      0.00      0.00      0.00      0.00      0.00    100.00
01:16:52 AM      36      0.00      0.00      0.00      0.00      0.00    100.00
01:16:52 AM      37      0.00      0.00      0.00      0.00      0.00    100.00
01:16:52 AM      38      0.00      0.00      0.00      0.00      0.00    100.00
01:16:52 AM      39      0.00      0.00      0.00      0.00      0.00    100.00
01:16:52 AM      40      0.00      0.00      0.00      0.00      0.00    100.00
01:16:52 AM      41      0.00      0.00      0.00      0.00      0.00    100.00
01:16:52 AM      42      0.00      0.00      0.00      0.00      0.00    100.00
01:16:52 AM      43      0.00      0.00      0.00      0.00      0.00    100.00
01:16:52 AM      44      0.00      0.00      0.00      0.00      0.00    100.00
01:16:52 AM      45      0.00      0.00      0.00      0.00      0.00    100.00
01:16:52 AM      46      0.00      0.00      0.00      0.00      0.00    100.00
01:16:52 AM      47      0.00      0.00      0.00      0.00      0.00    100.00

01:16:52 AM     CPU     %user     %nice   %system   %iowait    %steal     %idle
01:16:53 AM     all      0.00      0.00      0.02      0.00      0.00     99.98
01:16:53 AM       0      0.00      0.00      0.00      0.00      0.00    100.00
01:16:53 AM       1      0.00      0.00      0.00      0.00      0.00    100.00
01:16:53 AM       2      0.00      0.00      0.00      0.00      0.00    100.00
01:16:53 AM       3      0.00      0.00      0.00      0.00      0.00    100.00
01:16:53 AM       4      0.00      0.00      0.00      0.00      0.00    100.00
01:16:53 AM       5      0.00      0.00      0.00      0.00      0.00    100.00
01:16:53 AM       6      0.00      0.00      0.00      0.00      0.00    100.00
01:16:53 AM       7      0.00      0.00      0.00      0.00      0.00    100.00
01:16:53 AM       8      0.00      0.00      0.00      0.00      0.00    100.00
01:16:53 AM       9      0.00      0.00      0.00      0.00      0.00    100.00
01:16:53 AM      10      0.00      0.00      0.00      0.00      0.00    100.00
01:16:53 AM      11      0.00      0.00      0.00      0.00      0.00    100.00
01:16:53 AM      12      0.00      0.00      0.00      0.00      0.00    100.00
01:16:53 AM      13      0.00      0.00      0.00      0.00      0.00    100.00
01:16:53 AM      14      0.00      0.00      0.00      0.00      0.00    100.00
01:16:53 AM      15      0.00      0.00      0.00      0.00      0.00    100.00
01:16:53 AM      16      0.00      0.00      0.00      0.00      0.00    100.00
01:16:53 AM      17      0.00      0.00      0.00      0.00      0.00    100.00
01:16:53 AM      18      0.00      0.00      0.00      0.00      0.00    100.00
01:16:53 AM      19      0.00      0.00      0.00      0.00      0.00    100.00
01:16:53 AM      20      0.00      0.00      0.00      0.00      0.00    100.00
01:16:53 AM      21      0.00      0.00      0.00      0.00      0.00    100.00
01:16:53 AM      22      0.00      0.00      0.00      0.00      0.00    100.00
01:16:53 AM      23      0.00      0.00      0.00      0.00      0.00    100.00
01:16:53 AM      24      0.00      0.00      0.00      0.00      0.00    100.00
01:16:53 AM      25      0.00      0.00      1.00      0.00      0.00     99.00
01:16:53 AM      26      0.00      0.00      0.00      0.00      0.00    100.00
01:16:53 AM      27      0.00      0.00      0.00      0.00      0.00    100.00
01:16:53 AM      28      0.00      0.00      0.00      0.00      0.00    100.00
01:16:53 AM      29      0.00      0.00      0.00      0.00      0.00    100.00
01:16:53 AM      30      0.00      0.00      0.00      0.00      0.00    100.00
01:16:53 AM      31      0.00      0.00      0.00      0.00      0.00    100.00
01:16:53 AM      32      0.00      0.00      0.00      0.00      0.00    100.00
01:16:53 AM      33      0.00      0.00      0.00      0.00      0.00    100.00
01:16:53 AM      34      0.00      0.00      0.00      0.00      0.00    100.00
01:16:53 AM      35      0.00      0.00      0.00      0.00      0.00    100.00
01:16:53 AM      36      0.00      0.00      0.00      0.00      0.00    100.00
01:16:53 AM      37      0.00      0.00      0.00      0.00      0.00    100.00
01:16:53 AM      38      0.00      0.00      0.00      0.00      0.00    100.00
01:16:53 AM      39      0.00      0.00      0.00      0.00      0.00    100.00
01:16:53 AM      40      0.00      0.00      0.00      0.00      0.00    100.00
01:16:53 AM      41      0.00      0.00      0.00      0.00      0.00    100.00
01:16:53 AM      42      0.00      0.00      0.00      0.00      0.00    100.00
01:16:53 AM      43      0.00      0.00      0.00      0.00      0.00    100.00
01:16:53 AM      44      0.00      0.00      0.00      0.00      0.00    100.00
01:16:53 AM      45      0.00      0.00      0.00      0.00      0.00    100.00
01:16:53 AM      46      0.00      0.00      0.00      0.00      0.00    100.00
01:16:53 AM      47      0.00      0.00      0.00      0.00      0.00    100.00

01:16:53 AM     CPU     %user     %nice   %system   %iowait    %steal     %idle
01:16:54 AM     all      0.00      0.00      0.02      0.00      0.00     99.98
01:16:54 AM       0      0.00      0.00      0.00      0.00      0.00    100.00
01:16:54 AM       1      0.00      0.00      0.00      0.00      0.00    100.00
01:16:54 AM       2      0.00      0.00      0.00      0.00      0.00    100.00
01:16:54 AM       3      0.00      0.00      0.00      0.00      0.00    100.00
01:16:54 AM       4      0.00      0.00      0.00      0.00      0.00    100.00
01:16:54 AM       5      0.00      0.00      0.00      0.00      0.00    100.00
01:16:54 AM       6      0.00      0.00      0.00      0.00      0.00    100.00
01:16:54 AM       7      0.00      0.00      0.00      0.00      0.00    100.00
01:16:54 AM       8      0.00      0.00      0.00      0.00      0.00    100.00
01:16:54 AM       9      0.00      0.00      0.00      0.00      0.00    100.00
01:16:54 AM      10      0.00      0.00      0.00      0.00      0.00    100.00
01:16:54 AM      11      0.00      0.00      0.00      0.00      0.00    100.00
01:16:54 AM      12      0.00      0.00      0.00      0.00      0.00    100.00
01:16:54 AM      13      0.00      0.00      0.00      0.00      0.00    100.00
01:16:54 AM      14      0.00      0.00      0.00      0.00      0.00    100.00
01:16:54 AM      15      0.00      0.00      0.00      0.00      0.00    100.00
01:16:54 AM      16      0.00      0.00      0.00      0.00      0.00    100.00
01:16:54 AM      17      0.00      0.00      0.00      0.00      0.00    100.00
01:16:54 AM      18      0.00      0.00      0.00      0.00      0.00    100.00
01:16:54 AM      19      0.00      0.00      1.00      0.00      0.00     99.00
01:16:54 AM      20      0.00      0.00      0.00      0.00      0.00    100.00
01:16:54 AM      21      0.00      0.00      0.00      0.00      0.00    100.00
01:16:54 AM      22      0.00      0.00      0.00      0.00      0.00    100.00
01:16:54 AM      23      0.00      0.00      0.00      0.00      0.00    100.00
01:16:54 AM      24      0.00      0.00      0.00      0.00      0.00    100.00
01:16:54 AM      25      0.00      0.00      0.99      0.00      0.00     99.01
01:16:54 AM      26      0.00      0.00      0.00      0.00      0.00    100.00
01:16:54 AM      27      0.00      0.00      0.00      0.00      0.00    100.00
01:16:54 AM      28      0.00      0.00      0.00      0.00      0.00    100.00
01:16:54 AM      29      0.00      0.00      0.00      0.00      0.00    100.00
01:16:54 AM      30      0.00      0.00      0.00      0.00      0.00    100.00
01:16:54 AM      31      0.00      0.00      0.00      0.00      0.00    100.00
01:16:54 AM      32      0.00      0.00      0.00      0.00      0.00    100.00
01:16:54 AM      33      0.00      0.00      0.00      0.00      0.00    100.00
01:16:54 AM      34      0.00      0.00      0.00      0.00      0.00    100.00
01:16:54 AM      35      0.00      0.00      0.00      0.00      0.00    100.00
01:16:54 AM      36      0.00      0.00      0.00      0.00      0.00    100.00
01:16:54 AM      37      0.00      0.00      0.00      0.00      0.00    100.00
01:16:54 AM      38      0.00      0.00      0.00      0.00      0.00    100.00
01:16:54 AM      39      0.00      0.00      0.00      0.00      0.00    100.00
01:16:54 AM      40      0.00      0.00      0.00      0.00      0.00    100.00
01:16:54 AM      41      0.00      0.00      0.00      0.00      0.00    100.00
01:16:54 AM      42      0.00      0.00      0.00      0.00      0.00    100.00
01:16:54 AM      43      0.00      0.00      0.00      0.00      0.00    100.00
01:16:54 AM      44      0.00      0.00      0.00      0.00      0.00    100.00
01:16:54 AM      45      0.00      0.00      0.00      0.00      0.00    100.00
01:16:54 AM      46      0.00      0.00      0.00      0.00      0.00    100.00
01:16:54 AM      47      0.00      0.00      0.00      0.00      0.00    100.00

01:16:54 AM     CPU     %user     %nice   %system   %iowait    %steal     %idle
01:16:55 AM     all      0.00      0.00      0.02      0.08      0.00     99.90
01:16:55 AM       0      0.00      0.00      0.00      0.00      0.00    100.00
01:16:55 AM       1      0.00      0.00      0.00      0.00      0.00    100.00
01:16:55 AM       2      0.00      0.00      0.00      0.00      0.00    100.00
01:16:55 AM       3      0.00      0.00      0.00      0.00      0.00    100.00
01:16:55 AM       4      0.00      0.00      0.00      0.00      0.00    100.00
01:16:55 AM       5      0.00      0.00      0.00      0.00      0.00    100.00
01:16:55 AM       6      0.00      0.00      0.00      0.00      0.00    100.00
01:16:55 AM       7      0.00      0.00      0.00      3.96      0.00     96.04
01:16:55 AM       8      0.00      0.00      0.00      0.00      0.00    100.00
01:16:55 AM       9      0.00      0.00      0.00      0.00      0.00    100.00
01:16:55 AM      10      0.00      0.00      0.00      0.00      0.00    100.00
01:16:55 AM      11      0.00      0.00      0.00      0.00      0.00    100.00
01:16:55 AM      12      0.00      0.00      0.00      0.00      0.00    100.00
01:16:55 AM      13      0.00      0.00      0.00      0.00      0.00    100.00
01:16:55 AM      14      0.00      0.00      0.00      0.00      0.00    100.00
01:16:55 AM      15      0.00      0.00      0.00      0.00      0.00    100.00
01:16:55 AM      16      0.00      0.00      0.00      0.00      0.00    100.00
01:16:55 AM      17      0.00      0.00      0.00      0.00      0.00    100.00
01:16:55 AM      18      0.00      0.00      0.00      0.00      0.00    100.00
01:16:55 AM      19      0.00      0.00      0.00      0.00      0.00    100.00
01:16:55 AM      20      0.00      0.00      0.00      0.00      0.00    100.00
01:16:55 AM      21      0.00      0.00      0.00      0.00      0.00    100.00
01:16:55 AM      22      0.00      0.00      0.00      0.00      0.00    100.00
01:16:55 AM      23      0.00      0.00      0.00      0.00      0.00    100.00
01:16:55 AM      24      0.00      0.00      0.00      0.00      0.00    100.00
01:16:55 AM      25      0.00      0.00      1.00      0.00      0.00     99.00
01:16:55 AM      26      0.00      0.00      0.00      0.00      0.00    100.00
01:16:55 AM      27      0.00      0.00      0.00      0.00      0.00    100.00
01:16:55 AM      28      0.00      0.00      0.00      0.00      0.00    100.00
01:16:55 AM      29      0.00      0.00      0.00      0.00      0.00    100.00
01:16:55 AM      30      0.00      0.00      0.00      0.00      0.00    100.00
01:16:55 AM      31      0.00      0.00      0.00      0.00      0.00    100.00
01:16:55 AM      32      0.00      0.00      0.00      0.00      0.00    100.00
01:16:55 AM      33      0.00      0.00      0.00      0.00      0.00    100.00
01:16:55 AM      34      0.00      0.00      0.00      0.00      0.00    100.00
01:16:55 AM      35      0.00      0.00      0.00      0.00      0.00    100.00
01:16:55 AM      36      0.00      0.00      0.00      0.00      0.00    100.00
01:16:55 AM      37      0.00      0.00      0.00      0.00      0.00    100.00
01:16:55 AM      38      0.00      0.00      0.00      0.00      0.00    100.00
01:16:55 AM      39      0.00      0.00      0.00      0.00      0.00    100.00
01:16:55 AM      40      0.00      0.00      0.00      0.00      0.00    100.00
01:16:55 AM      41      0.00      0.00      0.00      0.00      0.00    100.00
01:16:55 AM      42      0.00      0.00      0.00      0.00      0.00    100.00
01:16:55 AM      43      0.00      0.00      0.00      0.00      0.00    100.00
01:16:55 AM      44      0.00      0.00      0.00      0.00      0.00    100.00
01:16:55 AM      45      0.00      0.00      0.00      0.00      0.00    100.00
01:16:55 AM      46      0.00      0.00      0.00      0.00      0.00    100.00
01:16:55 AM      47      0.00      0.00      0.00      0.00      0.00    100.00

01:16:55 AM     CPU     %user     %nice   %system   %iowait    %steal     %idle
01:16:56 AM     all      0.00      0.00      0.02      0.00      0.00     99.98
01:16:56 AM       0      0.00      0.00      0.00      0.00      0.00    100.00
01:16:56 AM       1      0.00      0.00      0.00      0.00      0.00    100.00
01:16:56 AM       2      0.00      0.00      0.00      0.00      0.00    100.00
01:16:56 AM       3      0.00      0.00      0.00      0.00      0.00    100.00
01:16:56 AM       4      0.00      0.00      0.00      0.00      0.00    100.00
01:16:56 AM       5      0.00      0.00      0.00      0.00      0.00    100.00
01:16:56 AM       6      0.00      0.00      0.00      0.00      0.00    100.00
01:16:56 AM       7      0.00      0.00      0.00      0.00      0.00    100.00
01:16:56 AM       8      0.00      0.00      0.00      0.00      0.00    100.00
01:16:56 AM       9      0.00      0.00      0.00      0.00      0.00    100.00
01:16:56 AM      10      0.00      0.00      0.00      0.00      0.00    100.00
01:16:56 AM      11      0.00      0.00      0.00      0.00      0.00    100.00
01:16:56 AM      12      0.00      0.00      0.00      0.00      0.00    100.00
01:16:56 AM      13      0.00      0.00      0.00      0.00      0.00    100.00
01:16:56 AM      14      0.00      0.00      0.00      0.00      0.00    100.00
01:16:56 AM      15      0.00      0.00      0.00      0.00      0.00    100.00
01:16:56 AM      16      0.00      0.00      0.00      0.00      0.00    100.00
01:16:56 AM      17      0.00      0.00      0.00      0.00      0.00    100.00
01:16:56 AM      18      0.00      0.00      0.00      0.00      0.00    100.00
01:16:56 AM      19      0.00      0.00      0.00      0.00      0.00    100.00
01:16:56 AM      20      0.00      0.00      0.00      0.00      0.00    100.00
01:16:56 AM      21      0.00      0.00      0.00      0.00      0.00    100.00
01:16:56 AM      22      0.00      0.00      0.00      0.00      0.00    100.00
01:16:56 AM      23      0.00      0.00      0.00      0.00      0.00    100.00
01:16:56 AM      24      0.00      0.00      0.00      0.00      0.00    100.00
01:16:56 AM      25      0.00      0.00      1.00      0.00      0.00     99.00
01:16:56 AM      26      0.00      0.00      0.00      0.00      0.00    100.00
01:16:56 AM      27      0.00      0.00      0.00      0.00      0.00    100.00
01:16:56 AM      28      0.00      0.00      0.00      0.00      0.00    100.00
01:16:56 AM      29      0.00      0.00      0.00      0.00      0.00    100.00
01:16:56 AM      30      0.00      0.00      0.00      0.00      0.00    100.00
01:16:56 AM      31      0.00      0.00      0.00      0.00      0.00    100.00
01:16:56 AM      32      0.00      0.00      0.00      0.00      0.00    100.00
01:16:56 AM      33      0.00      0.00      0.00      0.00      0.00    100.00
01:16:56 AM      34      0.00      0.00      0.00      0.00      0.00    100.00
01:16:56 AM      35      0.00      0.00      0.00      0.00      0.00    100.00
01:16:56 AM      36      0.00      0.00      0.00      0.00      0.00    100.00
01:16:56 AM      37      0.00      0.00      0.00      0.00      0.00    100.00
01:16:56 AM      38      0.00      0.00      0.00      0.00      0.00    100.00
01:16:56 AM      39      0.00      0.00      0.00      0.00      0.00    100.00
01:16:56 AM      40      0.00      0.00      0.00      0.00      0.00    100.00
01:16:56 AM      41      0.00      0.00      0.00      0.00      0.00    100.00
01:16:56 AM      42      0.00      0.00      0.00      0.00      0.00    100.00
01:16:56 AM      43      0.00      0.00      0.00      0.00      0.00    100.00
01:16:56 AM      44      0.00      0.00      0.00      0.00      0.00    100.00
01:16:56 AM      45      0.00      0.00      0.00      0.00      0.00    100.00
01:16:56 AM      46      0.00      0.00      0.00      0.00      0.00    100.00
01:16:56 AM      47      0.00      0.00      0.00      0.00      0.00    100.00

01:16:56 AM     CPU     %user     %nice   %system   %iowait    %steal     %idle
01:16:57 AM     all      0.00      0.00      0.02      0.00      0.00     99.98
01:16:57 AM       0      0.00      0.00      0.00      0.00      0.00    100.00
01:16:57 AM       1      0.00      0.00      0.00      0.00      0.00    100.00
01:16:57 AM       2      0.00      0.00      0.99      0.00      0.00     99.01
01:16:57 AM       3      0.00      0.00      0.00      0.00      0.00    100.00
01:16:57 AM       4      0.00      0.00      0.00      0.00      0.00    100.00
01:16:57 AM       5      0.00      0.00      0.00      0.00      0.00    100.00
01:16:57 AM       6      0.00      0.00      0.00      0.00      0.00    100.00
01:16:57 AM       7      0.00      0.00      0.00      0.00      0.00    100.00
01:16:57 AM       8      0.00      0.00      0.00      0.00      0.00    100.00
01:16:57 AM       9      0.00      0.00      0.00      0.00      0.00    100.00
01:16:57 AM      10      0.00      0.00      0.00      0.00      0.00    100.00
01:16:57 AM      11      0.00      0.00      0.00      0.00      0.00    100.00
01:16:57 AM      12      0.00      0.00      0.00      0.00      0.00    100.00
01:16:57 AM      13      0.00      0.00      0.00      0.00      0.00    100.00
01:16:57 AM      14      0.00      0.00      0.00      0.00      0.00    100.00
01:16:57 AM      15      0.00      0.00      0.00      0.00      0.00    100.00
01:16:57 AM      16      0.00      0.00      0.00      0.00      0.00    100.00
01:16:57 AM      17      0.00      0.00      0.00      0.00      0.00    100.00
01:16:57 AM      18      0.00      0.00      0.00      0.00      0.00    100.00
01:16:57 AM      19      0.00      0.00      0.00      0.00      0.00    100.00
01:16:57 AM      20      0.00      0.00      0.00      0.00      0.00    100.00
01:16:57 AM      21      0.00      0.00      0.00      0.00      0.00    100.00
01:16:57 AM      22      0.00      0.00      0.00      0.00      0.00    100.00
01:16:57 AM      23      0.00      0.00      0.00      0.00      0.00    100.00
01:16:57 AM      24      0.00      0.00      0.00      0.00      0.00    100.00
01:16:57 AM      25      0.00      0.00      0.00      0.00      0.00    100.00
01:16:57 AM      26      0.00      0.00      0.00      0.00      0.00    100.00
01:16:57 AM      27      0.00      0.00      0.00      0.00      0.00    100.00
01:16:57 AM      28      0.00      0.00      0.00      0.00      0.00    100.00
01:16:57 AM      29      0.00      0.00      0.00      0.00      0.00    100.00
01:16:57 AM      30      0.00      0.00      0.00      0.00      0.00    100.00
01:16:57 AM      31      0.00      0.00      0.00      0.00      0.00    100.00
01:16:57 AM      32      0.00      0.00      0.00      0.00      0.00    100.00
01:16:57 AM      33      0.00      0.00      0.00      0.00      0.00    100.00
01:16:57 AM      34      0.00      0.00      0.00      0.00      0.00    100.00
01:16:57 AM      35      0.00      0.00      0.00      0.00      0.00    100.00
01:16:57 AM      36      0.00      0.00      0.00      0.00      0.00    100.00
01:16:57 AM      37      0.00      0.00      0.00      0.00      0.00    100.00
01:16:57 AM      38      0.00      0.00      0.00      0.00      0.00    100.00
01:16:57 AM      39      0.00      0.00      0.00      0.00      0.00    100.00
01:16:57 AM      40      0.00      0.00      0.00      0.00      0.00    100.00
01:16:57 AM      41      0.00      0.00      0.00      0.00      0.00    100.00
01:16:57 AM      42      0.00      0.00      0.00      0.00      0.00    100.00
01:16:57 AM      43      0.00      0.00      0.00      0.00      0.00    100.00
01:16:57 AM      44      0.00      0.00      0.00      0.00      0.00    100.00
01:16:57 AM      45      0.00      0.00      0.00      0.00      0.00    100.00
01:16:57 AM      46      0.00      0.00      0.00      0.00      0.00    100.00
01:16:57 AM      47      0.00      0.00      0.00      0.00      0.00    100.00

01:16:57 AM     CPU     %user     %nice   %system   %iowait    %steal     %idle
01:16:58 AM     all      0.00      0.00      0.02      0.00      0.00     99.98
01:16:58 AM       0      0.00      0.00      0.00      0.00      0.00    100.00
01:16:58 AM       1      0.00      0.00      0.00      0.00      0.00    100.00
01:16:58 AM       2      0.00      0.00      0.00      0.00      0.00    100.00
01:16:58 AM       3      0.00      0.00      0.00      0.00      0.00    100.00
01:16:58 AM       4      0.00      0.00      0.00      0.00      0.00    100.00
01:16:58 AM       5      0.00      0.00      0.00      0.00      0.00    100.00
01:16:58 AM       6      0.00      0.00      0.00      0.00      0.00    100.00
01:16:58 AM       7      0.00      0.00      0.00      0.00      0.00    100.00
01:16:58 AM       8      0.00      0.00      0.00      0.00      0.00    100.00
01:16:58 AM       9      0.00      0.00      0.00      0.00      0.00    100.00
01:16:58 AM      10      0.00      0.00      0.00      0.00      0.00    100.00
01:16:58 AM      11      0.00      0.00      0.00      0.00      0.00    100.00
01:16:58 AM      12      0.00      0.00      0.00      0.00      0.00    100.00
01:16:58 AM      13      0.00      0.00      0.00      0.00      0.00    100.00
01:16:58 AM      14      0.00      0.00      0.00      0.00      0.00    100.00
01:16:58 AM      15      0.00      0.00      0.00      0.00      0.00    100.00
01:16:58 AM      16      0.00      0.00      0.00      0.00      0.00    100.00
01:16:58 AM      17      0.00      0.00      0.00      0.00      0.00    100.00
01:16:58 AM      18      0.00      0.00      0.00      0.00      0.00    100.00
01:16:58 AM      19      0.00      0.00      0.00      0.00      0.00    100.00
01:16:58 AM      20      0.00      0.00      0.00      0.00      0.00    100.00
01:16:58 AM      21      0.00      0.00      0.00      0.00      0.00    100.00
01:16:58 AM      22      0.00      0.00      0.00      0.00      0.00    100.00
01:16:58 AM      23      0.00      0.00      0.00      0.00      0.00    100.00
01:16:58 AM      24      0.00      0.00      0.00      0.00      0.00    100.00
01:16:58 AM      25      0.99      0.00      0.99      0.00      0.00     98.02
01:16:58 AM      26      0.00      0.00      0.00      0.00      0.00    100.00
01:16:58 AM      27      0.00      0.00      0.00      0.00      0.00    100.00
01:16:58 AM      28      0.00      0.00      0.00      0.00      0.00    100.00
01:16:58 AM      29      0.00      0.00      0.00      0.00      0.00    100.00
01:16:58 AM      30      0.00      0.00      0.00      0.00      0.00    100.00
01:16:58 AM      31      0.00      0.00      0.00      0.00      0.00    100.00
01:16:58 AM      32      0.00      0.00      0.00      0.00      0.00    100.00
01:16:58 AM      33      0.00      0.00      0.00      0.00      0.00    100.00
01:16:58 AM      34      0.00      0.00      0.00      0.00      0.00    100.00
01:16:58 AM      35      0.00      0.00      0.00      0.00      0.00    100.00
01:16:58 AM      36      0.00      0.00      0.00      0.00      0.00    100.00
01:16:58 AM      37      0.00      0.00      0.00      0.00      0.00    100.00
01:16:58 AM      38      0.00      0.00      0.00      0.00      0.00    100.00
01:16:58 AM      39      0.00      0.00      0.00      0.00      0.00    100.00
01:16:58 AM      40      0.00      0.00      0.00      0.00      0.00    100.00
01:16:58 AM      41      0.00      0.00      0.00      0.00      0.00    100.00
01:16:58 AM      42      0.00      0.00      0.00      0.00      0.00    100.00
01:16:58 AM      43      0.00      0.00      0.00      0.00      0.00    100.00
01:16:58 AM      44      0.00      0.00      0.00      0.00      0.00    100.00
01:16:58 AM      45      0.00      0.00      0.00      0.00      0.00    100.00
01:16:58 AM      46      0.00      0.00      0.00      0.00      0.00    100.00
01:16:58 AM      47      0.00      0.00      0.00      0.00      0.00    100.00

01:16:58 AM     CPU     %user     %nice   %system   %iowait    %steal     %idle
01:16:59 AM     all      0.02      0.00      0.00      0.00      0.00     99.98
01:16:59 AM       0      0.00      0.00      0.00      0.00      0.00    100.00
01:16:59 AM       1      0.00      0.00      0.00      0.00      0.00    100.00
01:16:59 AM       2      0.00      0.00      0.00      0.00      0.00    100.00
01:16:59 AM       3      0.00      0.00      0.00      0.00      0.00    100.00
01:16:59 AM       4      0.00      0.00      0.00      0.00      0.00    100.00
01:16:59 AM       5      0.00      0.00      0.00      0.00      0.00    100.00
01:16:59 AM       6      0.00      0.00      0.00      0.00      0.00    100.00
01:16:59 AM       7      0.00      0.00      0.00      0.00      0.00    100.00
01:16:59 AM       8      0.00      0.00      0.00      0.00      0.00    100.00
01:16:59 AM       9      0.00      0.00      0.00      0.00      0.00    100.00
01:16:59 AM      10      0.00      0.00      0.00      0.00      0.00    100.00
01:16:59 AM      11      0.00      0.00      0.00      0.00      0.00    100.00
01:16:59 AM      12      0.00      0.00      0.00      0.00      0.00    100.00
01:16:59 AM      13      0.00      0.00      0.00      0.00      0.00    100.00
01:16:59 AM      14      0.00      0.00      0.00      0.00      0.00    100.00
01:16:59 AM      15      0.00      0.00      0.00      0.00      0.00    100.00
01:16:59 AM      16      0.00      0.00      0.00      0.00      0.00    100.00
01:16:59 AM      17      0.00      0.00      0.00      0.00      0.00    100.00
01:16:59 AM      18      0.00      0.00      0.00      0.00      0.00    100.00
01:16:59 AM      19      0.00      0.00      0.00      0.00      0.00    100.00
01:16:59 AM      20      0.00      0.00      0.00      0.00      0.00    100.00
01:16:59 AM      21      0.00      0.00      0.00      0.00      0.00    100.00
01:16:59 AM      22      0.00      0.00      0.00      0.00      0.00    100.00
01:16:59 AM      23      0.00      0.00      0.00      0.00      0.00    100.00
01:16:59 AM      24      0.00      0.00      0.00      0.00      0.00    100.00
01:16:59 AM      25      0.00      0.00      1.00      0.00      0.00     99.00
01:16:59 AM      26      0.00      0.00      0.00      0.00      0.00    100.00
01:16:59 AM      27      0.00      0.00      0.00      0.00      0.00    100.00
01:16:59 AM      28      0.00      0.00      0.00      0.00      0.00    100.00
01:16:59 AM      29      0.00      0.00      0.00      0.00      0.00    100.00
01:16:59 AM      30      0.00      0.00      0.00      0.00      0.00    100.00
01:16:59 AM      31      0.00      0.00      0.00      0.00      0.00    100.00
01:16:59 AM      32      0.00      0.00      0.00      0.00      0.00    100.00
01:16:59 AM      33      0.00      0.00      0.00      0.00      0.00    100.00
01:16:59 AM      34      0.00      0.00      0.00      0.00      0.00    100.00
01:16:59 AM      35      0.00      0.00      0.00      0.00      0.00    100.00
01:16:59 AM      36      0.00      0.00      0.00      0.00      0.00    100.00
01:16:59 AM      37      0.00      0.00      0.00      0.00      0.00    100.00
01:16:59 AM      38      0.00      0.00      0.00      0.00      0.00    100.00
01:16:59 AM      39      0.00      0.00      0.00      0.00      0.00    100.00
01:16:59 AM      40      0.00      0.00      0.00      0.00      0.00    100.00
01:16:59 AM      41      0.00      0.00      0.00      0.00      0.00    100.00
01:16:59 AM      42      0.00      0.00      0.00      0.00      0.00    100.00
01:16:59 AM      43      0.00      0.00      0.00      0.00      0.00    100.00
01:16:59 AM      44      0.00      0.00      0.00      0.00      0.00    100.00
01:16:59 AM      45      0.00      0.00      0.00      0.00      0.00    100.00
01:16:59 AM      46      0.00      0.00      0.00      0.00      0.00    100.00
01:16:59 AM      47      0.00      0.00      0.00      0.00      0.00    100.00

Average:        CPU     %user     %nice   %system   %iowait    %steal     %idle
Average:        all      0.16      0.00      0.88      0.01      0.00     98.95
Average:          0      7.52      0.00     40.63      0.00      0.00     51.85
Average:          1      0.00      0.00      0.00      0.00      0.00    100.00
Average:          2      0.05      0.00      0.05      0.00      0.00     99.90
Average:          3      0.00      0.00      0.00      0.00      0.00    100.00
Average:          4      0.00      0.00      0.00      0.00      0.00    100.00
Average:          5      0.00      0.00      0.00      0.00      0.00    100.00
Average:          6      0.00      0.00      0.00      0.15      0.00     99.85
Average:          7      0.00      0.00      0.05      0.35      0.00     99.60
Average:          8      0.00      0.00      0.33      0.00      0.00     99.67
Average:          9      0.00      0.00      0.00      0.00      0.00    100.00
Average:         10      0.00      0.00      0.00      0.00      0.00    100.00
Average:         11      0.00      0.00      0.00      0.00      0.00    100.00
Average:         12      0.00      0.00      0.00      0.00      0.00    100.00
Average:         13      0.00      0.00      0.00      0.00      0.00    100.00
Average:         14      0.00      0.00      0.00      0.00      0.00    100.00
Average:         15      0.00      0.00      0.00      0.00      0.00    100.00
Average:         16      0.00      0.00      0.00      0.00      0.00    100.00
Average:         17      0.00      0.00      0.00      0.00      0.00    100.00
Average:         18      0.00      0.00      0.00      0.00      0.00    100.00
Average:         19      0.00      0.00      0.10      0.00      0.00     99.90
Average:         20      0.00      0.00      0.00      0.00      0.00    100.00
Average:         21      0.00      0.00      0.00      0.00      0.00    100.00
Average:         22      0.00      0.00      0.00      0.00      0.00    100.00
Average:         23      0.00      0.00      0.00      0.00      0.00    100.00
Average:         24      0.00      0.00      0.00      0.00      0.00    100.00
Average:         25      0.05      0.00      0.75      0.00      0.00     99.20
Average:         26      0.00      0.00      0.00      0.00      0.00    100.00
Average:         27      0.00      0.00      0.00      0.00      0.00    100.00
Average:         28      0.00      0.00      0.00      0.00      0.00    100.00
Average:         29      0.00      0.00      0.00      0.00      0.00    100.00
Average:         30      0.00      0.00      0.00      0.00      0.00    100.00
Average:         31      0.00      0.00      0.00      0.00      0.00    100.00
Average:         32      0.00      0.00      0.00      0.00      0.00    100.00
Average:         33      0.00      0.00      0.00      0.00      0.00    100.00
Average:         34      0.00      0.00      0.00      0.00      0.00    100.00
Average:         35      0.00      0.00      0.00      0.00      0.00    100.00
Average:         36      0.00      0.00      0.00      0.00      0.00    100.00
Average:         37      0.00      0.00      0.00      0.00      0.00    100.00
Average:         38      0.00      0.00      0.00      0.00      0.00    100.00
Average:         39      0.00      0.00      0.00      0.00      0.00    100.00
Average:         40      0.00      0.00      0.00      0.00      0.00    100.00
Average:         41      0.00      0.00      0.00      0.00      0.00    100.00
Average:         42      0.00      0.00      0.00      0.00      0.00    100.00
Average:         43      0.00      0.00      0.00      0.00      0.00    100.00
Average:         44      0.00      0.00      0.00      0.00      0.00    100.00
Average:         45      0.00      0.00      0.00      0.00      0.00    100.00
Average:         46      0.00      0.00      0.00      0.00      0.00    100.00
Average:         47      0.00      0.00      0.00      0.00      0.00    100.00
