Linux 3.10.0-514.el7.x86_64 (localhost.localdomain) 	02/19/2020 	_x86_64_	(48 CPU)

01:26:51 AM     CPU     %user     %nice   %system   %iowait    %steal     %idle
01:26:52 AM     all      0.00      0.00      0.02      0.00      0.00     99.98
01:26:52 AM       0      0.00      0.00      0.00      0.00      0.00    100.00
01:26:52 AM       1      0.00      0.00      0.00      0.00      0.00    100.00
01:26:52 AM       2      0.00      0.00      0.00      0.00      0.00    100.00
01:26:52 AM       3      0.00      0.00      0.00      0.00      0.00    100.00
01:26:52 AM       4      0.00      0.00      0.00      0.00      0.00    100.00
01:26:52 AM       5      0.00      0.00      0.00      0.00      0.00    100.00
01:26:52 AM       6      0.00      0.00      0.00      0.00      0.00    100.00
01:26:52 AM       7      0.00      0.00      0.00      0.00      0.00    100.00
01:26:52 AM       8      0.00      0.00      0.00      0.00      0.00    100.00
01:26:52 AM       9      0.00      0.00      0.00      0.00      0.00    100.00
01:26:52 AM      10      0.00      0.00      0.00      0.00      0.00    100.00
01:26:52 AM      11      0.00      0.00      0.00      0.00      0.00    100.00
01:26:52 AM      12      0.00      0.00      0.00      0.00      0.00    100.00
01:26:52 AM      13      0.00      0.00      0.00      0.00      0.00    100.00
01:26:52 AM      14      0.00      0.00      0.00      0.00      0.00    100.00
01:26:52 AM      15      0.00      0.00      0.00      0.00      0.00    100.00
01:26:52 AM      16      0.00      0.00      0.00      0.00      0.00    100.00
01:26:52 AM      17      0.00      0.00      0.00      0.00      0.00    100.00
01:26:52 AM      18      0.00      0.00      0.00      0.00      0.00    100.00
01:26:52 AM      19      0.00      0.00      0.00      0.00      0.00    100.00
01:26:52 AM      20      0.00      0.00      0.00      0.00      0.00    100.00
01:26:52 AM      21      0.00      0.00      0.00      0.00      0.00    100.00
01:26:52 AM      22      0.00      0.00      0.00      0.00      0.00    100.00
01:26:52 AM      23      0.00      0.00      0.00      0.00      0.00    100.00
01:26:52 AM      24      0.00      0.00      0.00      0.00      0.00    100.00
01:26:52 AM      25      0.00      0.00      0.00      0.00      0.00    100.00
01:26:52 AM      26      0.00      0.00      0.00      0.00      0.00    100.00
01:26:52 AM      27      0.00      0.00      0.00      0.00      0.00    100.00
01:26:52 AM      28      0.00      0.00      0.00      0.00      0.00    100.00
01:26:52 AM      29      0.00      0.00      0.00      0.00      0.00    100.00
01:26:52 AM      30      0.00      0.00      0.00      0.00      0.00    100.00
01:26:52 AM      31      0.00      0.00      0.00      0.00      0.00    100.00
01:26:52 AM      32      0.00      0.00      0.00      0.00      0.00    100.00
01:26:52 AM      33      0.00      0.00      0.00      0.00      0.00    100.00
01:26:52 AM      34      0.00      0.00      0.00      0.00      0.00    100.00
01:26:52 AM      35      0.00      0.00      0.00      0.00      0.00    100.00
01:26:52 AM      36      0.00      0.00      0.00      0.00      0.00    100.00
01:26:52 AM      37      0.00      0.00      1.00      0.00      0.00     99.00
01:26:52 AM      38      0.00      0.00      0.00      0.00      0.00    100.00
01:26:52 AM      39      0.00      0.00      0.00      0.00      0.00    100.00
01:26:52 AM      40      0.00      0.00      0.00      0.00      0.00    100.00
01:26:52 AM      41      0.00      0.00      0.00      0.00      0.00    100.00
01:26:52 AM      42      0.00      0.00      0.00      0.00      0.00    100.00
01:26:52 AM      43      0.00      0.00      0.00      0.00      0.00    100.00
01:26:52 AM      44      0.00      0.00      0.00      0.00      0.00    100.00
01:26:52 AM      45      0.00      0.00      0.00      0.00      0.00    100.00
01:26:52 AM      46      0.00      0.00      0.00      0.00      0.00    100.00
01:26:52 AM      47      0.00      0.00      0.00      0.00      0.00    100.00

01:26:52 AM     CPU     %user     %nice   %system   %iowait    %steal     %idle
01:26:53 AM     all      0.00      0.00      0.00      0.00      0.00    100.00
01:26:53 AM       0      0.00      0.00      0.00      0.00      0.00    100.00
01:26:53 AM       1      0.00      0.00      0.00      0.00      0.00    100.00
01:26:53 AM       2      0.00      0.00      0.00      0.00      0.00    100.00
01:26:53 AM       3      0.00      0.00      0.00      0.00      0.00    100.00
01:26:53 AM       4      0.00      0.00      0.00      0.00      0.00    100.00
01:26:53 AM       5      0.00      0.00      0.00      0.00      0.00    100.00
01:26:53 AM       6      0.00      0.00      0.00      0.00      0.00    100.00
01:26:53 AM       7      0.00      0.00      0.00      0.00      0.00    100.00
01:26:53 AM       8      0.00      0.00      0.00      0.00      0.00    100.00
01:26:53 AM       9      0.00      0.00      0.00      0.00      0.00    100.00
01:26:53 AM      10      0.00      0.00      0.00      0.00      0.00    100.00
01:26:53 AM      11      0.00      0.00      0.00      0.00      0.00    100.00
01:26:53 AM      12      0.00      0.00      0.00      0.00      0.00    100.00
01:26:53 AM      13      0.00      0.00      0.00      0.00      0.00    100.00
01:26:53 AM      14      0.00      0.00      0.99      0.00      0.00     99.01
01:26:53 AM      15      0.00      0.00      0.00      0.00      0.00    100.00
01:26:53 AM      16      0.00      0.00      0.00      0.00      0.00    100.00
01:26:53 AM      17      0.00      0.00      0.00      0.00      0.00    100.00
01:26:53 AM      18      0.00      0.00      0.00      0.00      0.00    100.00
01:26:53 AM      19      0.00      0.00      0.00      0.00      0.00    100.00
01:26:53 AM      20      0.00      0.00      0.00      0.00      0.00    100.00
01:26:53 AM      21      0.00      0.00      0.00      0.00      0.00    100.00
01:26:53 AM      22      0.00      0.00      0.00      0.00      0.00    100.00
01:26:53 AM      23      0.00      0.00      0.00      0.00      0.00    100.00
01:26:53 AM      24      0.00      0.00      0.00      0.00      0.00    100.00
01:26:53 AM      25      0.00      0.00      0.00      0.00      0.00    100.00
01:26:53 AM      26      0.00      0.00      0.00      0.00      0.00    100.00
01:26:53 AM      27      0.00      0.00      0.00      0.00      0.00    100.00
01:26:53 AM      28      0.00      0.00      0.00      0.00      0.00    100.00
01:26:53 AM      29      0.00      0.00      0.00      0.00      0.00    100.00
01:26:53 AM      30      0.00      0.00      0.00      0.00      0.00    100.00
01:26:53 AM      31      0.00      0.00      0.00      0.00      0.00    100.00
01:26:53 AM      32      0.00      0.00      0.00      0.00      0.00    100.00
01:26:53 AM      33      0.00      0.00      0.00      0.00      0.00    100.00
01:26:53 AM      34      0.00      0.00      0.00      0.00      0.00    100.00
01:26:53 AM      35      0.00      0.00      0.00      0.00      0.00    100.00
01:26:53 AM      36      0.00      0.00      0.00      0.00      0.00    100.00
01:26:53 AM      37      0.00      0.00      1.00      0.00      0.00     99.00
01:26:53 AM      38      0.00      0.00      0.00      0.00      0.00    100.00
01:26:53 AM      39      0.00      0.00      0.00      0.00      0.00    100.00
01:26:53 AM      40      0.00      0.00      0.00      0.00      0.00    100.00
01:26:53 AM      41      0.00      0.00      0.00      0.00      0.00    100.00
01:26:53 AM      42      0.00      0.00      0.00      0.00      0.00    100.00
01:26:53 AM      43      0.00      0.00      0.00      0.00      0.00    100.00
01:26:53 AM      44      0.00      0.00      0.00      0.00      0.00    100.00
01:26:53 AM      45      0.00      0.00      0.00      0.00      0.00    100.00
01:26:53 AM      46      0.00      0.00      0.00      0.00      0.00    100.00
01:26:53 AM      47      0.00      0.00      0.00      0.00      0.00    100.00

01:26:53 AM     CPU     %user     %nice   %system   %iowait    %steal     %idle
01:26:54 AM     all      0.17      0.00      0.86      0.00      0.00     98.97
01:26:54 AM       0      7.92      0.00     36.63      0.00      0.00     55.45
01:26:54 AM       1      0.00      0.00      0.00      0.00      0.00    100.00
01:26:54 AM       2      0.00      0.00      0.00      0.00      0.00    100.00
01:26:54 AM       3      0.00      0.00      0.00      0.00      0.00    100.00
01:26:54 AM       4      0.00      0.00      0.00      0.00      0.00    100.00
01:26:54 AM       5      0.00      0.00      0.00      0.00      0.00    100.00
01:26:54 AM       6      0.00      0.00      0.00      0.00      0.00    100.00
01:26:54 AM       7      0.00      0.00      0.00      0.00      0.00    100.00
01:26:54 AM       8      0.00      0.00      0.00      0.00      0.00    100.00
01:26:54 AM       9      0.00      0.00      0.00      0.00      0.00    100.00
01:26:54 AM      10      0.00      0.00      0.00      0.00      0.00    100.00
01:26:54 AM      11      0.00      0.00      0.00      0.00      0.00    100.00
01:26:54 AM      12      0.00      0.00      0.00      0.00      0.00    100.00
01:26:54 AM      13      0.00      0.00      0.00      0.00      0.00    100.00
01:26:54 AM      14      0.00      0.00      0.00      0.00      0.00    100.00
01:26:54 AM      15      0.00      0.00      0.00      0.00      0.00    100.00
01:26:54 AM      16      0.00      0.00      0.00      0.00      0.00    100.00
01:26:54 AM      17      0.00      0.00      0.00      0.00      0.00    100.00
01:26:54 AM      18      0.00      0.00      0.00      0.00      0.00    100.00
01:26:54 AM      19      0.00      0.00      1.00      0.00      0.00     99.00
01:26:54 AM      20      0.00      0.00      0.00      0.00      0.00    100.00
01:26:54 AM      21      0.00      0.00      0.00      0.00      0.00    100.00
01:26:54 AM      22      0.00      0.00      0.00      0.00      0.00    100.00
01:26:54 AM      23      0.00      0.00      0.00      0.00      0.00    100.00
01:26:54 AM      24      0.00      0.00      0.00      0.00      0.00    100.00
01:26:54 AM      25      0.00      0.00      0.00      0.00      0.00    100.00
01:26:54 AM      26      0.00      0.00      0.00      0.00      0.00    100.00
01:26:54 AM      27      0.00      0.00      0.00      0.00      0.00    100.00
01:26:54 AM      28      0.00      0.00      0.00      0.00      0.00    100.00
01:26:54 AM      29      0.00      0.00      0.00      0.00      0.00    100.00
01:26:54 AM      30      0.00      0.00      0.00      0.00      0.00    100.00
01:26:54 AM      31      0.00      0.00      0.00      0.00      0.00    100.00
01:26:54 AM      32      0.00      0.00      0.00      0.00      0.00    100.00
01:26:54 AM      33      0.00      0.00      0.00      0.00      0.00    100.00
01:26:54 AM      34      0.00      0.00      0.00      0.00      0.00    100.00
01:26:54 AM      35      0.00      0.00      0.00      0.00      0.00    100.00
01:26:54 AM      36      0.00      0.00      0.00      0.00      0.00    100.00
01:26:54 AM      37      0.00      0.00      1.00      0.00      0.00     99.00
01:26:54 AM      38      0.00      0.00      0.00      0.00      0.00    100.00
01:26:54 AM      39      0.00      0.00      0.00      0.00      0.00    100.00
01:26:54 AM      40      0.00      0.00      0.00      0.00      0.00    100.00
01:26:54 AM      41      0.00      0.00      0.00      0.00      0.00    100.00
01:26:54 AM      42      0.00      0.00      0.00      0.00      0.00    100.00
01:26:54 AM      43      0.00      0.00      0.00      0.00      0.00    100.00
01:26:54 AM      44      0.00      0.00      0.00      0.00      0.00    100.00
01:26:54 AM      45      0.00      0.00      0.00      0.00      0.00    100.00
01:26:54 AM      46      0.00      0.00      0.00      0.00      0.00    100.00
01:26:54 AM      47      0.00      0.00      0.00      0.00      0.00    100.00

01:26:54 AM     CPU     %user     %nice   %system   %iowait    %steal     %idle
01:26:55 AM     all      0.27      0.00      1.20      0.00      0.00     98.53
01:26:55 AM       0     12.24      0.00     58.16      0.00      0.00     29.59
01:26:55 AM       1      0.00      0.00      0.00      0.00      0.00    100.00
01:26:55 AM       2      0.00      0.00      0.00      0.00      0.00    100.00
01:26:55 AM       3      0.00      0.00      0.00      0.00      0.00    100.00
01:26:55 AM       4      0.00      0.00      0.00      0.00      0.00    100.00
01:26:55 AM       5      0.00      0.00      0.00      0.00      0.00    100.00
01:26:55 AM       6      0.00      0.00      0.00      0.00      0.00    100.00
01:26:55 AM       7      0.00      0.00      0.00      0.00      0.00    100.00
01:26:55 AM       8      0.00      0.00      0.00      0.00      0.00    100.00
01:26:55 AM       9      0.00      0.00      0.00      0.00      0.00    100.00
01:26:55 AM      10      0.00      0.00      0.00      0.00      0.00    100.00
01:26:55 AM      11      0.00      0.00      0.00      0.00      0.00    100.00
01:26:55 AM      12      0.00      0.00      0.00      0.00      0.00    100.00
01:26:55 AM      13      0.00      0.00      0.00      0.00      0.00    100.00
01:26:55 AM      14      0.00      0.00      0.00      0.00      0.00    100.00
01:26:55 AM      15      0.00      0.00      0.00      0.00      0.00    100.00
01:26:55 AM      16      0.00      0.00      0.00      0.00      0.00    100.00
01:26:55 AM      17      0.00      0.00      0.00      0.00      0.00    100.00
01:26:55 AM      18      0.00      0.00      0.00      0.00      0.00    100.00
01:26:55 AM      19      0.00      0.00      0.00      0.00      0.00    100.00
01:26:55 AM      20      0.00      0.00      0.00      0.00      0.00    100.00
01:26:55 AM      21      0.00      0.00      0.00      0.00      0.00    100.00
01:26:55 AM      22      0.00      0.00      0.00      0.00      0.00    100.00
01:26:55 AM      23      0.00      0.00      0.00      0.00      0.00    100.00
01:26:55 AM      24      0.00      0.00      0.00      0.00      0.00    100.00
01:26:55 AM      25      0.00      0.00      0.00      0.00      0.00    100.00
01:26:55 AM      26      0.00      0.00      0.00      0.00      0.00    100.00
01:26:55 AM      27      0.00      0.00      0.00      0.00      0.00    100.00
01:26:55 AM      28      0.00      0.00      0.00      0.00      0.00    100.00
01:26:55 AM      29      0.00      0.00      0.00      0.00      0.00    100.00
01:26:55 AM      30      0.00      0.00      0.00      0.00      0.00    100.00
01:26:55 AM      31      0.00      0.00      0.00      0.00      0.00    100.00
01:26:55 AM      32      0.00      0.00      0.00      0.00      0.00    100.00
01:26:55 AM      33      0.00      0.00      0.00      0.00      0.00    100.00
01:26:55 AM      34      0.00      0.00      0.00      0.00      0.00    100.00
01:26:55 AM      35      0.00      0.00      0.00      0.00      0.00    100.00
01:26:55 AM      36      0.00      0.00      0.00      0.00      0.00    100.00
01:26:55 AM      37      0.00      0.00      1.00      0.00      0.00     99.00
01:26:55 AM      38      0.00      0.00      0.00      0.00      0.00    100.00
01:26:55 AM      39      0.00      0.00      0.00      0.00      0.00    100.00
01:26:55 AM      40      0.00      0.00      0.00      0.00      0.00    100.00
01:26:55 AM      41      0.00      0.00      0.00      0.00      0.00    100.00
01:26:55 AM      42      0.00      0.00      0.00      0.00      0.00    100.00
01:26:55 AM      43      0.00      0.00      0.00      0.00      0.00    100.00
01:26:55 AM      44      0.00      0.00      0.00      0.00      0.00    100.00
01:26:55 AM      45      0.00      0.00      0.00      0.00      0.00    100.00
01:26:55 AM      46      0.00      0.00      0.00      0.00      0.00    100.00
01:26:55 AM      47      0.00      0.00      0.00      0.00      0.00    100.00

01:26:55 AM     CPU     %user     %nice   %system   %iowait    %steal     %idle
01:26:56 AM     all      0.25      0.00      1.01      0.00      0.00     98.74
01:26:56 AM       0     12.00      0.00     47.00      0.00      0.00     41.00
01:26:56 AM       1      0.00      0.00      0.00      0.00      0.00    100.00
01:26:56 AM       2      0.00      0.00      0.00      0.00      0.00    100.00
01:26:56 AM       3      0.00      0.00      0.00      0.00      0.00    100.00
01:26:56 AM       4      0.00      0.00      0.00      0.00      0.00    100.00
01:26:56 AM       5      0.00      0.00      0.00      0.00      0.00    100.00
01:26:56 AM       6      0.00      0.00      0.00      0.00      0.00    100.00
01:26:56 AM       7      0.00      0.00      0.00      0.00      0.00    100.00
01:26:56 AM       8      0.00      0.00      0.00      0.00      0.00    100.00
01:26:56 AM       9      0.00      0.00      0.00      0.00      0.00    100.00
01:26:56 AM      10      0.00      0.00      0.00      0.00      0.00    100.00
01:26:56 AM      11      0.00      0.00      0.00      0.00      0.00    100.00
01:26:56 AM      12      0.00      0.00      0.00      0.00      0.00    100.00
01:26:56 AM      13      0.00      0.00      0.00      0.00      0.00    100.00
01:26:56 AM      14      0.00      0.00      0.00      0.00      0.00    100.00
01:26:56 AM      15      0.00      0.00      0.00      0.00      0.00    100.00
01:26:56 AM      16      0.00      0.00      0.99      0.00      0.00     99.01
01:26:56 AM      17      0.00      0.00      0.00      0.00      0.00    100.00
01:26:56 AM      18      0.00      0.00      0.00      0.00      0.00    100.00
01:26:56 AM      19      0.00      0.00      0.00      0.00      0.00    100.00
01:26:56 AM      20      0.00      0.00      0.00      0.00      0.00    100.00
01:26:56 AM      21      0.00      0.00      0.00      0.00      0.00    100.00
01:26:56 AM      22      0.00      0.00      0.00      0.00      0.00    100.00
01:26:56 AM      23      0.00      0.00      0.00      0.00      0.00    100.00
01:26:56 AM      24      0.00      0.00      0.00      0.00      0.00    100.00
01:26:56 AM      25      0.00      0.00      0.00      0.00      0.00    100.00
01:26:56 AM      26      0.00      0.00      0.00      0.00      0.00    100.00
01:26:56 AM      27      0.00      0.00      0.00      0.00      0.00    100.00
01:26:56 AM      28      0.00      0.00      0.00      0.00      0.00    100.00
01:26:56 AM      29      0.00      0.00      0.00      0.00      0.00    100.00
01:26:56 AM      30      0.00      0.00      0.00      0.00      0.00    100.00
01:26:56 AM      31      0.00      0.00      0.00      0.00      0.00    100.00
01:26:56 AM      32      0.00      0.00      0.00      0.00      0.00    100.00
01:26:56 AM      33      0.00      0.00      0.00      0.00      0.00    100.00
01:26:56 AM      34      0.00      0.00      0.00      0.00      0.00    100.00
01:26:56 AM      35      0.00      0.00      0.00      0.00      0.00    100.00
01:26:56 AM      36      0.00      0.00      0.00      0.00      0.00    100.00
01:26:56 AM      37      0.00      0.00      0.99      0.00      0.00     99.01
01:26:56 AM      38      0.00      0.00      0.00      0.00      0.00    100.00
01:26:56 AM      39      0.00      0.00      0.00      0.00      0.00    100.00
01:26:56 AM      40      0.00      0.00      0.00      0.00      0.00    100.00
01:26:56 AM      41      0.00      0.00      0.00      0.00      0.00    100.00
01:26:56 AM      42      0.00      0.00      0.00      0.00      0.00    100.00
01:26:56 AM      43      0.00      0.00      0.00      0.00      0.00    100.00
01:26:56 AM      44      0.00      0.00      0.00      0.00      0.00    100.00
01:26:56 AM      45      0.00      0.00      0.00      0.00      0.00    100.00
01:26:56 AM      46      0.00      0.00      0.00      0.00      0.00    100.00
01:26:56 AM      47      0.00      0.00      0.00      0.00      0.00    100.00

01:26:56 AM     CPU     %user     %nice   %system   %iowait    %steal     %idle
01:26:57 AM     all      0.21      0.00      1.11      0.04      0.00     98.63
01:26:57 AM       0      9.71      0.00     50.49      0.00      0.00     39.81
01:26:57 AM       1      0.00      0.00      0.00      0.00      0.00    100.00
01:26:57 AM       2      0.00      0.00      0.00      0.00      0.00    100.00
01:26:57 AM       3      0.00      0.00      0.00      0.00      0.00    100.00
01:26:57 AM       4      0.00      0.00      0.00      0.00      0.00    100.00
01:26:57 AM       5      0.00      0.00      0.00      0.00      0.00    100.00
01:26:57 AM       6      0.00      0.00      0.00      0.00      0.00    100.00
01:26:57 AM       7      0.00      0.00      0.00      0.00      0.00    100.00
01:26:57 AM       8      0.00      0.00      0.00      3.77      0.00     96.23
01:26:57 AM       9      0.00      0.00      0.00      0.00      0.00    100.00
01:26:57 AM      10      0.00      0.00      0.00      0.00      0.00    100.00
01:26:57 AM      11      0.00      0.00      0.00      0.00      0.00    100.00
01:26:57 AM      12      0.00      0.00      0.00      0.00      0.00    100.00
01:26:57 AM      13      0.00      0.00      0.00      0.00      0.00    100.00
01:26:57 AM      14      0.00      0.00      0.00      0.00      0.00    100.00
01:26:57 AM      15      0.00      0.00      0.00      0.00      0.00    100.00
01:26:57 AM      16      0.00      0.00      0.00      0.00      0.00    100.00
01:26:57 AM      17      0.00      0.00      0.00      0.00      0.00    100.00
01:26:57 AM      18      0.00      0.00      0.00      0.00      0.00    100.00
01:26:57 AM      19      0.00      0.00      0.00      0.00      0.00    100.00
01:26:57 AM      20      0.00      0.00      0.00      0.00      0.00    100.00
01:26:57 AM      21      0.00      0.00      0.00      0.00      0.00    100.00
01:26:57 AM      22      0.00      0.00      0.00      0.00      0.00    100.00
01:26:57 AM      23      0.00      0.00      0.00      0.00      0.00    100.00
01:26:57 AM      24      0.00      0.00      0.00      0.00      0.00    100.00
01:26:57 AM      25      0.00      0.00      0.00      0.00      0.00    100.00
01:26:57 AM      26      0.00      0.00      0.00      0.00      0.00    100.00
01:26:57 AM      27      0.00      0.00      0.00      0.00      0.00    100.00
01:26:57 AM      28      0.00      0.00      0.00      0.00      0.00    100.00
01:26:57 AM      29      0.00      0.00      0.00      0.00      0.00    100.00
01:26:57 AM      30      0.00      0.00      0.00      0.00      0.00    100.00
01:26:57 AM      31      0.00      0.00      0.00      0.00      0.00    100.00
01:26:57 AM      32      0.00      0.00      0.00      0.00      0.00    100.00
01:26:57 AM      33      0.00      0.00      0.00      0.00      0.00    100.00
01:26:57 AM      34      0.00      0.00      0.00      0.00      0.00    100.00
01:26:57 AM      35      0.00      0.00      0.00      0.00      0.00    100.00
01:26:57 AM      36      0.00      0.00      0.00      0.00      0.00    100.00
01:26:57 AM      37      0.00      0.00      1.00      0.00      0.00     99.00
01:26:57 AM      38      0.00      0.00      0.00      0.00      0.00    100.00
01:26:57 AM      39      0.00      0.00      0.00      0.00      0.00    100.00
01:26:57 AM      40      0.00      0.00      0.00      0.00      0.00    100.00
01:26:57 AM      41      0.00      0.00      0.00      0.00      0.00    100.00
01:26:57 AM      42      0.00      0.00      0.00      0.00      0.00    100.00
01:26:57 AM      43      0.00      0.00      0.00      0.00      0.00    100.00
01:26:57 AM      44      0.00      0.00      0.00      0.00      0.00    100.00
01:26:57 AM      45      0.00      0.00      0.00      0.00      0.00    100.00
01:26:57 AM      46      0.00      0.00      0.00      0.00      0.00    100.00
01:26:57 AM      47      0.00      0.00      0.00      0.00      0.00    100.00

01:26:57 AM     CPU     %user     %nice   %system   %iowait    %steal     %idle
01:26:58 AM     all      0.17      0.00      1.07      0.00      0.00     98.76
01:26:58 AM       0      8.16      0.00     50.00      0.00      0.00     41.84
01:26:58 AM       1      0.00      0.00      0.00      0.00      0.00    100.00
01:26:58 AM       2      0.00      0.00      0.00      0.00      0.00    100.00
01:26:58 AM       3      0.00      0.00      0.00      0.00      0.00    100.00
01:26:58 AM       4      0.00      0.00      0.00      0.00      0.00    100.00
01:26:58 AM       5      0.00      0.00      0.00      0.00      0.00    100.00
01:26:58 AM       6      0.00      0.00      0.00      0.00      0.00    100.00
01:26:58 AM       7      0.00      0.00      0.00      0.00      0.00    100.00
01:26:58 AM       8      0.00      0.00      0.00      0.00      0.00    100.00
01:26:58 AM       9      0.00      0.00      0.00      0.00      0.00    100.00
01:26:58 AM      10      0.00      0.00      1.00      0.00      0.00     99.00
01:26:58 AM      11      0.00      0.00      0.00      0.00      0.00    100.00
01:26:58 AM      12      0.00      0.00      0.00      0.00      0.00    100.00
01:26:58 AM      13      0.00      0.00      0.00      0.00      0.00    100.00
01:26:58 AM      14      0.00      0.00      0.00      0.00      0.00    100.00
01:26:58 AM      15      0.00      0.00      0.00      0.00      0.00    100.00
01:26:58 AM      16      0.00      0.00      0.00      0.00      0.00    100.00
01:26:58 AM      17      0.00      0.00      0.00      0.00      0.00    100.00
01:26:58 AM      18      0.00      0.00      0.00      0.00      0.00    100.00
01:26:58 AM      19      0.00      0.00      0.00      0.00      0.00    100.00
01:26:58 AM      20      0.00      0.00      0.00      0.00      0.00    100.00
01:26:58 AM      21      0.00      0.00      0.00      0.00      0.00    100.00
01:26:58 AM      22      0.00      0.00      0.00      0.00      0.00    100.00
01:26:58 AM      23      0.00      0.00      0.00      0.00      0.00    100.00
01:26:58 AM      24      0.00      0.00      0.00      0.00      0.00    100.00
01:26:58 AM      25      0.00      0.00      0.00      0.00      0.00    100.00
01:26:58 AM      26      0.00      0.00      0.00      0.00      0.00    100.00
01:26:58 AM      27      0.00      0.00      0.00      0.00      0.00    100.00
01:26:58 AM      28      0.00      0.00      0.00      0.00      0.00    100.00
01:26:58 AM      29      0.00      0.00      0.00      0.00      0.00    100.00
01:26:58 AM      30      0.00      0.00      0.00      0.00      0.00    100.00
01:26:58 AM      31      0.00      0.00      0.00      0.00      0.00    100.00
01:26:58 AM      32      0.00      0.00      0.00      0.00      0.00    100.00
01:26:58 AM      33      0.00      0.00      0.00      0.00      0.00    100.00
01:26:58 AM      34      0.00      0.00      0.00      0.00      0.00    100.00
01:26:58 AM      35      0.00      0.00      0.00      0.00      0.00    100.00
01:26:58 AM      36      0.00      0.00      0.00      0.00      0.00    100.00
01:26:58 AM      37      0.00      0.00      0.00      0.00      0.00    100.00
01:26:58 AM      38      0.00      0.00      0.00      0.00      0.00    100.00
01:26:58 AM      39      0.00      0.00      0.00      0.00      0.00    100.00
01:26:58 AM      40      0.00      0.00      0.00      0.00      0.00    100.00
01:26:58 AM      41      0.00      0.00      0.00      0.00      0.00    100.00
01:26:58 AM      42      0.00      0.00      0.00      0.00      0.00    100.00
01:26:58 AM      43      0.00      0.00      0.00      0.00      0.00    100.00
01:26:58 AM      44      0.00      0.00      0.00      0.00      0.00    100.00
01:26:58 AM      45      0.00      0.00      0.00      0.00      0.00    100.00
01:26:58 AM      46      0.00      0.00      0.00      0.00      0.00    100.00
01:26:58 AM      47      0.00      0.00      0.00      0.00      0.00    100.00

01:26:58 AM     CPU     %user     %nice   %system   %iowait    %steal     %idle
01:26:59 AM     all      0.19      0.00      1.11      0.00      0.00     98.70
01:26:59 AM       0      8.74      0.00     51.46      0.00      0.00     39.81
01:26:59 AM       1      0.00      0.00      0.00      0.00      0.00    100.00
01:26:59 AM       2      0.00      0.00      0.00      0.00      0.00    100.00
01:26:59 AM       3      0.00      0.00      0.00      0.00      0.00    100.00
01:26:59 AM       4      0.00      0.00      0.00      0.00      0.00    100.00
01:26:59 AM       5      0.00      0.00      0.00      0.00      0.00    100.00
01:26:59 AM       6      0.00      0.00      0.00      0.00      0.00    100.00
01:26:59 AM       7      0.00      0.00      0.00      0.00      0.00    100.00
01:26:59 AM       8      0.00      0.00      0.00      0.00      0.00    100.00
01:26:59 AM       9      0.00      0.00      0.00      0.00      0.00    100.00
01:26:59 AM      10      0.00      0.00      0.00      0.00      0.00    100.00
01:26:59 AM      11      0.00      0.00      0.00      0.00      0.00    100.00
01:26:59 AM      12      0.00      0.00      0.00      0.00      0.00    100.00
01:26:59 AM      13      0.00      0.00      0.00      0.00      0.00    100.00
01:26:59 AM      14      0.00      0.00      0.00      0.00      0.00    100.00
01:26:59 AM      15      0.00      0.00      0.00      0.00      0.00    100.00
01:26:59 AM      16      0.00      0.00      0.00      0.00      0.00    100.00
01:26:59 AM      17      0.00      0.00      0.00      0.00      0.00    100.00
01:26:59 AM      18      0.00      0.00      0.00      0.00      0.00    100.00
01:26:59 AM      19      0.00      0.00      0.00      0.00      0.00    100.00
01:26:59 AM      20      0.00      0.00      0.00      0.00      0.00    100.00
01:26:59 AM      21      0.00      0.00      0.00      0.00      0.00    100.00
01:26:59 AM      22      0.00      0.00      0.00      0.00      0.00    100.00
01:26:59 AM      23      0.00      0.00      0.00      0.00      0.00    100.00
01:26:59 AM      24      0.00      0.00      0.00      0.00      0.00    100.00
01:26:59 AM      25      0.00      0.00      0.00      0.00      0.00    100.00
01:26:59 AM      26      0.00      0.00      0.00      0.00      0.00    100.00
01:26:59 AM      27      0.00      0.00      0.00      0.00      0.00    100.00
01:26:59 AM      28      0.00      0.00      0.00      0.00      0.00    100.00
01:26:59 AM      29      0.00      0.00      0.00      0.00      0.00    100.00
01:26:59 AM      30      0.00      0.00      0.00      0.00      0.00    100.00
01:26:59 AM      31      0.00      0.00      0.00      0.00      0.00    100.00
01:26:59 AM      32      0.00      0.00      0.00      0.00      0.00    100.00
01:26:59 AM      33      0.00      0.00      0.00      0.00      0.00    100.00
01:26:59 AM      34      0.00      0.00      0.00      0.00      0.00    100.00
01:26:59 AM      35      0.00      0.00      0.00      0.00      0.00    100.00
01:26:59 AM      36      0.00      0.00      0.00      0.00      0.00    100.00
01:26:59 AM      37      0.00      0.00      1.00      0.00      0.00     99.00
01:26:59 AM      38      0.00      0.00      0.00      0.00      0.00    100.00
01:26:59 AM      39      0.00      0.00      0.00      0.00      0.00    100.00
01:26:59 AM      40      0.00      0.00      0.00      0.00      0.00    100.00
01:26:59 AM      41      0.00      0.00      0.00      0.00      0.00    100.00
01:26:59 AM      42      0.00      0.00      0.00      0.00      0.00    100.00
01:26:59 AM      43      0.00      0.00      0.00      0.00      0.00    100.00
01:26:59 AM      44      0.00      0.00      0.00      0.00      0.00    100.00
01:26:59 AM      45      0.00      0.00      0.00      0.00      0.00    100.00
01:26:59 AM      46      0.00      0.00      0.00      0.00      0.00    100.00
01:26:59 AM      47      0.00      0.00      0.00      0.00      0.00    100.00

01:26:59 AM     CPU     %user     %nice   %system   %iowait    %steal     %idle
01:27:00 AM     all      0.23      0.00      1.07      0.00      0.00     98.70
01:27:00 AM       0      8.91      0.00     49.50      0.00      0.00     41.58
01:27:00 AM       1      0.00      0.00      0.00      0.00      0.00    100.00
01:27:00 AM       2      1.01      0.00      0.00      0.00      0.00     98.99
01:27:00 AM       3      0.00      0.00      0.00      0.00      0.00    100.00
01:27:00 AM       4      0.00      0.00      0.00      0.00      0.00    100.00
01:27:00 AM       5      0.00      0.00      0.00      0.00      0.00    100.00
01:27:00 AM       6      0.00      0.00      0.00      0.00      0.00    100.00
01:27:00 AM       7      0.00      0.00      0.00      0.00      0.00    100.00
01:27:00 AM       8      0.00      0.00      0.00      0.00      0.00    100.00
01:27:00 AM       9      0.00      0.00      0.00      0.00      0.00    100.00
01:27:00 AM      10      0.00      0.00      0.00      0.00      0.00    100.00
01:27:00 AM      11      0.00      0.00      0.00      0.00      0.00    100.00
01:27:00 AM      12      0.00      0.00      0.00      0.00      0.00    100.00
01:27:00 AM      13      0.00      0.00      0.00      0.00      0.00    100.00
01:27:00 AM      14      0.00      0.00      0.00      0.00      0.00    100.00
01:27:00 AM      15      0.00      0.00      0.00      0.00      0.00    100.00
01:27:00 AM      16      0.00      0.00      0.00      0.00      0.00    100.00
01:27:00 AM      17      0.00      0.00      0.00      0.00      0.00    100.00
01:27:00 AM      18      0.00      0.00      0.00      0.00      0.00    100.00
01:27:00 AM      19      0.00      0.00      0.00      0.00      0.00    100.00
01:27:00 AM      20      0.00      0.00      0.00      0.00      0.00    100.00
01:27:00 AM      21      0.00      0.00      0.00      0.00      0.00    100.00
01:27:00 AM      22      0.00      0.00      0.00      0.00      0.00    100.00
01:27:00 AM      23      0.00      0.00      0.00      0.00      0.00    100.00
01:27:00 AM      24      0.00      0.00      0.00      0.00      0.00    100.00
01:27:00 AM      25      0.00      0.00      0.00      0.00      0.00    100.00
01:27:00 AM      26      0.00      0.00      0.00      0.00      0.00    100.00
01:27:00 AM      27      0.00      0.00      0.00      0.00      0.00    100.00
01:27:00 AM      28      0.00      0.00      0.00      0.00      0.00    100.00
01:27:00 AM      29      0.00      0.00      0.00      0.00      0.00    100.00
01:27:00 AM      30      0.00      0.00      0.00      0.00      0.00    100.00
01:27:00 AM      31      0.00      0.00      0.00      0.00      0.00    100.00
01:27:00 AM      32      0.00      0.00      0.00      0.00      0.00    100.00
01:27:00 AM      33      0.00      0.00      0.00      0.00      0.00    100.00
01:27:00 AM      34      0.00      0.00      0.00      0.00      0.00    100.00
01:27:00 AM      35      0.00      0.00      0.00      0.00      0.00    100.00
01:27:00 AM      36      0.00      0.00      0.00      0.00      0.00    100.00
01:27:00 AM      37      0.00      0.00      1.00      0.00      0.00     99.00
01:27:00 AM      38      0.00      0.00      0.00      0.00      0.00    100.00
01:27:00 AM      39      0.00      0.00      0.00      0.00      0.00    100.00
01:27:00 AM      40      0.00      0.00      0.00      0.00      0.00    100.00
01:27:00 AM      41      0.00      0.00      0.00      0.00      0.00    100.00
01:27:00 AM      42      0.00      0.00      0.00      0.00      0.00    100.00
01:27:00 AM      43      0.00      0.00      0.00      0.00      0.00    100.00
01:27:00 AM      44      0.00      0.00      0.00      0.00      0.00    100.00
01:27:00 AM      45      0.00      0.00      0.00      0.00      0.00    100.00
01:27:00 AM      46      0.00      0.00      0.00      0.00      0.00    100.00
01:27:00 AM      47      0.00      0.00      0.00      0.00      0.00    100.00

01:27:00 AM     CPU     %user     %nice   %system   %iowait    %steal     %idle
01:27:01 AM     all      0.17      0.00      0.89      0.00      0.00     98.95
01:27:01 AM       0      9.78      0.00     44.57      0.00      0.00     45.65
01:27:01 AM       1      0.00      0.00      0.00      0.00      0.00    100.00
01:27:01 AM       2      0.00      0.00      0.00      0.00      0.00    100.00
01:27:01 AM       3      0.00      0.00      0.00      0.00      0.00    100.00
01:27:01 AM       4      0.00      0.00      0.00      0.00      0.00    100.00
01:27:01 AM       5      0.00      0.00      0.00      0.00      0.00    100.00
01:27:01 AM       6      0.00      0.00      0.00      0.00      0.00    100.00
01:27:01 AM       7      0.00      0.00      0.00      0.00      0.00    100.00
01:27:01 AM       8      0.00      0.00      0.00      0.00      0.00    100.00
01:27:01 AM       9      0.00      0.00      0.00      0.00      0.00    100.00
01:27:01 AM      10      0.00      0.00      0.00      0.00      0.00    100.00
01:27:01 AM      11      0.00      0.00      0.00      0.00      0.00    100.00
01:27:01 AM      12      0.00      0.00      0.00      0.00      0.00    100.00
01:27:01 AM      13      0.00      0.00      0.00      0.00      0.00    100.00
01:27:01 AM      14      0.00      0.00      0.00      0.00      0.00    100.00
01:27:01 AM      15      0.00      0.00      0.00      0.00      0.00    100.00
01:27:01 AM      16      0.00      0.00      0.00      0.00      0.00    100.00
01:27:01 AM      17      0.00      0.00      0.00      0.00      0.00    100.00
01:27:01 AM      18      0.00      0.00      0.00      0.00      0.00    100.00
01:27:01 AM      19      0.00      0.00      0.00      0.00      0.00    100.00
01:27:01 AM      20      0.00      0.00      0.00      0.00      0.00    100.00
01:27:01 AM      21      0.00      0.00      0.00      0.00      0.00    100.00
01:27:01 AM      22      0.00      0.00      0.00      0.00      0.00    100.00
01:27:01 AM      23      0.00      0.00      0.00      0.00      0.00    100.00
01:27:01 AM      24      0.00      0.00      0.00      0.00      0.00    100.00
01:27:01 AM      25      0.00      0.00      0.00      0.00      0.00    100.00
01:27:01 AM      26      0.00      0.00      0.00      0.00      0.00    100.00
01:27:01 AM      27      0.00      0.00      0.00      0.00      0.00    100.00
01:27:01 AM      28      0.00      0.00      0.00      0.00      0.00    100.00
01:27:01 AM      29      0.00      0.00      0.00      0.00      0.00    100.00
01:27:01 AM      30      0.00      0.00      0.00      0.00      0.00    100.00
01:27:01 AM      31      0.00      0.00      0.00      0.00      0.00    100.00
01:27:01 AM      32      0.00      0.00      0.00      0.00      0.00    100.00
01:27:01 AM      33      0.00      0.00      0.00      0.00      0.00    100.00
01:27:01 AM      34      0.00      0.00      0.00      0.00      0.00    100.00
01:27:01 AM      35      0.00      0.00      0.00      0.00      0.00    100.00
01:27:01 AM      36      0.00      0.00      0.00      0.00      0.00    100.00
01:27:01 AM      37      0.00      0.00      0.99      0.00      0.00     99.01
01:27:01 AM      38      0.00      0.00      0.00      0.00      0.00    100.00
01:27:01 AM      39      0.00      0.00      0.00      0.00      0.00    100.00
01:27:01 AM      40      0.00      0.00      0.00      0.00      0.00    100.00
01:27:01 AM      41      0.00      0.00      0.00      0.00      0.00    100.00
01:27:01 AM      42      0.00      0.00      0.00      0.00      0.00    100.00
01:27:01 AM      43      0.00      0.00      0.00      0.00      0.00    100.00
01:27:01 AM      44      0.00      0.00      0.00      0.00      0.00    100.00
01:27:01 AM      45      0.00      0.00      0.00      0.00      0.00    100.00
01:27:01 AM      46      0.00      0.00      0.00      0.00      0.00    100.00
01:27:01 AM      47      0.00      0.00      0.00      0.00      0.00    100.00

01:27:01 AM     CPU     %user     %nice   %system   %iowait    %steal     %idle
01:27:02 AM     all      0.25      0.00      1.13      0.02      0.00     98.59
01:27:02 AM       0     10.38      0.00     50.00      0.00      0.00     39.62
01:27:02 AM       1      0.00      0.00      0.00      0.00      0.00    100.00
01:27:02 AM       2      0.00      0.00      0.00      0.00      0.00    100.00
01:27:02 AM       3      0.00      0.00      0.00      0.00      0.00    100.00
01:27:02 AM       4      0.00      0.00      0.00      0.00      0.00    100.00
01:27:02 AM       5      0.00      0.00      0.00      0.00      0.00    100.00
01:27:02 AM       6      0.00      0.00      0.00      0.00      0.00    100.00
01:27:02 AM       7      0.00      0.00      0.00      0.00      0.00    100.00
01:27:02 AM       8      0.00      0.00      0.00      1.89      0.00     98.11
01:27:02 AM       9      0.00      0.00      0.00      0.00      0.00    100.00
01:27:02 AM      10      0.00      0.00      0.00      0.00      0.00    100.00
01:27:02 AM      11      0.00      0.00      0.00      0.00      0.00    100.00
01:27:02 AM      12      0.00      0.00      0.00      0.00      0.00    100.00
01:27:02 AM      13      0.00      0.00      0.00      0.00      0.00    100.00
01:27:02 AM      14      0.00      0.00      0.00      0.00      0.00    100.00
01:27:02 AM      15      0.00      0.00      0.00      0.00      0.00    100.00
01:27:02 AM      16      0.00      0.00      0.00      0.00      0.00    100.00
01:27:02 AM      17      0.00      0.00      0.00      0.00      0.00    100.00
01:27:02 AM      18      0.00      0.00      0.00      0.00      0.00    100.00
01:27:02 AM      19      0.00      0.00      0.00      0.00      0.00    100.00
01:27:02 AM      20      0.00      0.00      0.00      0.00      0.00    100.00
01:27:02 AM      21      0.00      0.00      0.00      0.00      0.00    100.00
01:27:02 AM      22      0.00      0.00      0.00      0.00      0.00    100.00
01:27:02 AM      23      0.00      0.00      0.00      0.00      0.00    100.00
01:27:02 AM      24      0.00      0.00      0.00      0.00      0.00    100.00
01:27:02 AM      25      0.00      0.00      0.00      0.00      0.00    100.00
01:27:02 AM      26      0.00      0.00      0.00      0.00      0.00    100.00
01:27:02 AM      27      0.00      0.00      0.00      0.00      0.00    100.00
01:27:02 AM      28      0.00      0.00      0.00      0.00      0.00    100.00
01:27:02 AM      29      0.00      0.00      0.00      0.00      0.00    100.00
01:27:02 AM      30      0.00      0.00      0.00      0.00      0.00    100.00
01:27:02 AM      31      0.00      0.00      0.00      0.00      0.00    100.00
01:27:02 AM      32      0.00      0.00      0.00      0.00      0.00    100.00
01:27:02 AM      33      0.00      0.00      0.00      0.00      0.00    100.00
01:27:02 AM      34      0.00      0.00      0.00      0.00      0.00    100.00
01:27:02 AM      35      0.00      0.00      0.00      0.00      0.00    100.00
01:27:02 AM      36      0.00      0.00      0.00      0.00      0.00    100.00
01:27:02 AM      37      0.00      0.00      0.00      0.00      0.00    100.00
01:27:02 AM      38      0.00      0.00      0.00      0.00      0.00    100.00
01:27:02 AM      39      0.00      0.00      0.00      0.00      0.00    100.00
01:27:02 AM      40      0.00      0.00      0.00      0.00      0.00    100.00
01:27:02 AM      41      0.00      0.00      0.00      0.00      0.00    100.00
01:27:02 AM      42      0.00      0.00      0.00      0.00      0.00    100.00
01:27:02 AM      43      0.00      0.00      0.00      0.00      0.00    100.00
01:27:02 AM      44      0.00      0.00      0.00      0.00      0.00    100.00
01:27:02 AM      45      0.00      0.00      0.00      0.00      0.00    100.00
01:27:02 AM      46      0.00      0.00      0.00      0.00      0.00    100.00
01:27:02 AM      47      0.00      0.00      0.00      0.00      0.00    100.00

01:27:02 AM     CPU     %user     %nice   %system   %iowait    %steal     %idle
01:27:03 AM     all      0.17      0.00      1.01      0.00      0.00     98.82
01:27:03 AM       0      9.28      0.00     48.45      0.00      0.00     42.27
01:27:03 AM       1      0.00      0.00      0.00      0.00      0.00    100.00
01:27:03 AM       2      0.00      0.00      0.00      0.00      0.00    100.00
01:27:03 AM       3      0.00      0.00      0.00      0.00      0.00    100.00
01:27:03 AM       4      0.00      0.00      0.00      0.00      0.00    100.00
01:27:03 AM       5      0.00      0.00      0.00      0.00      0.00    100.00
01:27:03 AM       6      0.00      0.00      0.00      0.00      0.00    100.00
01:27:03 AM       7      0.00      0.00      0.00      0.00      0.00    100.00
01:27:03 AM       8      0.00      0.00      0.00      0.00      0.00    100.00
01:27:03 AM       9      0.00      0.00      0.00      0.00      0.00    100.00
01:27:03 AM      10      0.00      0.00      0.00      0.00      0.00    100.00
01:27:03 AM      11      0.00      0.00      0.00      0.00      0.00    100.00
01:27:03 AM      12      0.00      0.00      0.00      0.00      0.00    100.00
01:27:03 AM      13      0.00      0.00      0.00      0.00      0.00    100.00
01:27:03 AM      14      0.00      0.00      0.00      0.00      0.00    100.00
01:27:03 AM      15      0.00      0.00      0.00      0.00      0.00    100.00
01:27:03 AM      16      0.00      0.00      0.00      0.00      0.00    100.00
01:27:03 AM      17      0.00      0.00      0.00      0.00      0.00    100.00
01:27:03 AM      18      0.00      0.00      0.00      0.00      0.00    100.00
01:27:03 AM      19      0.00      0.00      0.00      0.00      0.00    100.00
01:27:03 AM      20      0.00      0.00      0.00      0.00      0.00    100.00
01:27:03 AM      21      0.00      0.00      0.00      0.00      0.00    100.00
01:27:03 AM      22      0.00      0.00      0.00      0.00      0.00    100.00
01:27:03 AM      23      0.00      0.00      0.00      0.00      0.00    100.00
01:27:03 AM      24      0.00      0.00      0.00      0.00      0.00    100.00
01:27:03 AM      25      0.00      0.00      0.00      0.00      0.00    100.00
01:27:03 AM      26      0.00      0.00      0.00      0.00      0.00    100.00
01:27:03 AM      27      0.00      0.00      0.00      0.00      0.00    100.00
01:27:03 AM      28      0.00      0.00      0.00      0.00      0.00    100.00
01:27:03 AM      29      0.00      0.00      0.00      0.00      0.00    100.00
01:27:03 AM      30      0.00      0.00      0.00      0.00      0.00    100.00
01:27:03 AM      31      0.00      0.00      0.00      0.00      0.00    100.00
01:27:03 AM      32      0.00      0.00      0.00      0.00      0.00    100.00
01:27:03 AM      33      0.00      0.00      0.00      0.00      0.00    100.00
01:27:03 AM      34      0.00      0.00      0.00      0.00      0.00    100.00
01:27:03 AM      35      0.00      0.00      0.00      0.00      0.00    100.00
01:27:03 AM      36      0.00      0.00      0.00      0.00      0.00    100.00
01:27:03 AM      37      0.00      0.00      1.00      0.00      0.00     99.00
01:27:03 AM      38      0.00      0.00      0.00      0.00      0.00    100.00
01:27:03 AM      39      0.00      0.00      0.00      0.00      0.00    100.00
01:27:03 AM      40      0.00      0.00      0.00      0.00      0.00    100.00
01:27:03 AM      41      0.00      0.00      0.00      0.00      0.00    100.00
01:27:03 AM      42      0.00      0.00      0.00      0.00      0.00    100.00
01:27:03 AM      43      0.00      0.00      0.00      0.00      0.00    100.00
01:27:03 AM      44      0.00      0.00      0.00      0.00      0.00    100.00
01:27:03 AM      45      0.00      0.00      0.00      0.00      0.00    100.00
01:27:03 AM      46      0.00      0.00      0.00      0.00      0.00    100.00
01:27:03 AM      47      0.00      0.00      0.00      0.00      0.00    100.00

01:27:03 AM     CPU     %user     %nice   %system   %iowait    %steal     %idle
01:27:04 AM     all      0.21      0.00      1.01      0.00      0.00     98.78
01:27:04 AM       0      9.28      0.00     47.42      0.00      0.00     43.30
01:27:04 AM       1      0.00      0.00      0.00      0.00      0.00    100.00
01:27:04 AM       2      0.00      0.00      0.99      0.00      0.00     99.01
01:27:04 AM       3      0.00      0.00      0.00      0.00      0.00    100.00
01:27:04 AM       4      0.00      0.00      0.00      0.00      0.00    100.00
01:27:04 AM       5      0.00      0.00      0.00      0.00      0.00    100.00
01:27:04 AM       6      0.00      0.00      0.00      0.00      0.00    100.00
01:27:04 AM       7      0.00      0.00      0.00      0.00      0.00    100.00
01:27:04 AM       8      0.00      0.00      0.00      0.00      0.00    100.00
01:27:04 AM       9      0.00      0.00      0.00      0.00      0.00    100.00
01:27:04 AM      10      0.00      0.00      0.00      0.00      0.00    100.00
01:27:04 AM      11      0.00      0.00      0.00      0.00      0.00    100.00
01:27:04 AM      12      0.00      0.00      0.00      0.00      0.00    100.00
01:27:04 AM      13      0.00      0.00      0.00      0.00      0.00    100.00
01:27:04 AM      14      0.00      0.00      0.00      0.00      0.00    100.00
01:27:04 AM      15      0.00      0.00      0.00      0.00      0.00    100.00
01:27:04 AM      16      0.00      0.00      0.00      0.00      0.00    100.00
01:27:04 AM      17      0.00      0.00      0.00      0.00      0.00    100.00
01:27:04 AM      18      0.00      0.00      0.00      0.00      0.00    100.00
01:27:04 AM      19      0.00      0.00      1.00      0.00      0.00     99.00
01:27:04 AM      20      0.00      0.00      0.00      0.00      0.00    100.00
01:27:04 AM      21      0.00      0.00      0.00      0.00      0.00    100.00
01:27:04 AM      22      0.00      0.00      0.00      0.00      0.00    100.00
01:27:04 AM      23      0.00      0.00      0.00      0.00      0.00    100.00
01:27:04 AM      24      0.00      0.00      0.00      0.00      0.00    100.00
01:27:04 AM      25      0.00      0.00      0.00      0.00      0.00    100.00
01:27:04 AM      26      0.00      0.00      0.00      0.00      0.00    100.00
01:27:04 AM      27      0.00      0.00      0.00      0.00      0.00    100.00
01:27:04 AM      28      0.00      0.00      0.00      0.00      0.00    100.00
01:27:04 AM      29      0.00      0.00      0.00      0.00      0.00    100.00
01:27:04 AM      30      0.00      0.00      0.00      0.00      0.00    100.00
01:27:04 AM      31      0.00      0.00      0.00      0.00      0.00    100.00
01:27:04 AM      32      0.00      0.00      0.00      0.00      0.00    100.00
01:27:04 AM      33      0.00      0.00      0.00      0.00      0.00    100.00
01:27:04 AM      34      0.00      0.00      0.00      0.00      0.00    100.00
01:27:04 AM      35      0.00      0.00      0.00      0.00      0.00    100.00
01:27:04 AM      36      0.00      0.00      0.00      0.00      0.00    100.00
01:27:04 AM      37      0.00      0.00      1.00      0.00      0.00     99.00
01:27:04 AM      38      0.00      0.00      0.00      0.00      0.00    100.00
01:27:04 AM      39      0.00      0.00      0.00      0.00      0.00    100.00
01:27:04 AM      40      0.00      0.00      0.00      0.00      0.00    100.00
01:27:04 AM      41      0.00      0.00      0.00      0.00      0.00    100.00
01:27:04 AM      42      0.00      0.00      0.00      0.00      0.00    100.00
01:27:04 AM      43      0.00      0.00      0.00      0.00      0.00    100.00
01:27:04 AM      44      0.00      0.00      0.00      0.00      0.00    100.00
01:27:04 AM      45      0.00      0.00      0.00      0.00      0.00    100.00
01:27:04 AM      46      0.00      0.00      0.00      0.00      0.00    100.00
01:27:04 AM      47      0.00      0.00      0.00      0.00      0.00    100.00

01:27:04 AM     CPU     %user     %nice   %system   %iowait    %steal     %idle
01:27:05 AM     all      0.04      0.00      0.23      0.00      0.00     99.73
01:27:05 AM       0      2.00      0.00     10.00      0.00      0.00     88.00
01:27:05 AM       1      0.00      0.00      0.00      0.00      0.00    100.00
01:27:05 AM       2      0.00      0.00      0.00      0.00      0.00    100.00
01:27:05 AM       3      0.00      0.00      0.00      0.00      0.00    100.00
01:27:05 AM       4      0.00      0.00      0.00      0.00      0.00    100.00
01:27:05 AM       5      0.00      0.00      0.00      0.00      0.00    100.00
01:27:05 AM       6      0.00      0.00      0.00      0.00      0.00    100.00
01:27:05 AM       7      0.00      0.00      0.00      0.00      0.00    100.00
01:27:05 AM       8      0.00      0.00      0.00      0.00      0.00    100.00
01:27:05 AM       9      0.00      0.00      0.00      0.00      0.00    100.00
01:27:05 AM      10      0.00      0.00      0.00      0.00      0.00    100.00
01:27:05 AM      11      0.00      0.00      0.00      0.00      0.00    100.00
01:27:05 AM      12      0.00      0.00      0.00      0.00      0.00    100.00
01:27:05 AM      13      0.00      0.00      0.00      0.00      0.00    100.00
01:27:05 AM      14      0.00      0.00      0.00      0.00      0.00    100.00
01:27:05 AM      15      0.00      0.00      0.00      0.00      0.00    100.00
01:27:05 AM      16      0.00      0.00      0.00      0.00      0.00    100.00
01:27:05 AM      17      0.00      0.00      0.00      0.00      0.00    100.00
01:27:05 AM      18      0.00      0.00      0.00      0.00      0.00    100.00
01:27:05 AM      19      0.00      0.00      0.00      0.00      0.00    100.00
01:27:05 AM      20      0.00      0.00      0.00      0.00      0.00    100.00
01:27:05 AM      21      0.00      0.00      0.00      0.00      0.00    100.00
01:27:05 AM      22      0.00      0.00      0.00      0.00      0.00    100.00
01:27:05 AM      23      0.00      0.00      0.00      0.00      0.00    100.00
01:27:05 AM      24      0.00      0.00      0.00      0.00      0.00    100.00
01:27:05 AM      25      0.00      0.00      0.00      0.00      0.00    100.00
01:27:05 AM      26      0.00      0.00      0.00      0.00      0.00    100.00
01:27:05 AM      27      0.00      0.00      0.00      0.00      0.00    100.00
01:27:05 AM      28      0.00      0.00      0.00      0.00      0.00    100.00
01:27:05 AM      29      0.00      0.00      0.00      0.00      0.00    100.00
01:27:05 AM      30      0.00      0.00      0.00      0.00      0.00    100.00
01:27:05 AM      31      0.00      0.00      0.00      0.00      0.00    100.00
01:27:05 AM      32      0.00      0.00      0.00      0.00      0.00    100.00
01:27:05 AM      33      0.00      0.00      0.00      0.00      0.00    100.00
01:27:05 AM      34      0.00      0.00      0.00      0.00      0.00    100.00
01:27:05 AM      35      0.00      0.00      0.00      0.00      0.00    100.00
01:27:05 AM      36      0.00      0.00      0.00      0.00      0.00    100.00
01:27:05 AM      37      0.00      0.00      1.00      0.00      0.00     99.00
01:27:05 AM      38      0.00      0.00      0.00      0.00      0.00    100.00
01:27:05 AM      39      0.00      0.00      0.00      0.00      0.00    100.00
01:27:05 AM      40      0.00      0.00      0.00      0.00      0.00    100.00
01:27:05 AM      41      0.00      0.00      0.00      0.00      0.00    100.00
01:27:05 AM      42      0.00      0.00      0.00      0.00      0.00    100.00
01:27:05 AM      43      0.00      0.00      0.00      0.00      0.00    100.00
01:27:05 AM      44      0.00      0.00      0.00      0.00      0.00    100.00
01:27:05 AM      45      0.00      0.00      0.00      0.00      0.00    100.00
01:27:05 AM      46      0.00      0.00      0.00      0.00      0.00    100.00
01:27:05 AM      47      0.00      0.00      0.00      0.00      0.00    100.00

01:27:05 AM     CPU     %user     %nice   %system   %iowait    %steal     %idle
01:27:06 AM     all      0.00      0.00      0.02      0.00      0.00     99.98
01:27:06 AM       0      0.00      0.00      0.00      0.00      0.00    100.00
01:27:06 AM       1      0.00      0.00      0.00      0.00      0.00    100.00
01:27:06 AM       2      0.00      0.00      0.00      0.00      0.00    100.00
01:27:06 AM       3      0.00      0.00      0.00      0.00      0.00    100.00
01:27:06 AM       4      0.00      0.00      0.00      0.00      0.00    100.00
01:27:06 AM       5      0.00      0.00      0.00      0.00      0.00    100.00
01:27:06 AM       6      0.00      0.00      0.00      0.00      0.00    100.00
01:27:06 AM       7      0.00      0.00      0.00      0.00      0.00    100.00
01:27:06 AM       8      0.00      0.00      0.00      0.00      0.00    100.00
01:27:06 AM       9      0.00      0.00      0.00      0.00      0.00    100.00
01:27:06 AM      10      0.00      0.00      0.00      0.00      0.00    100.00
01:27:06 AM      11      0.00      0.00      0.00      0.00      0.00    100.00
01:27:06 AM      12      0.00      0.00      0.00      0.00      0.00    100.00
01:27:06 AM      13      0.00      0.00      0.00      0.00      0.00    100.00
01:27:06 AM      14      0.00      0.00      0.00      0.00      0.00    100.00
01:27:06 AM      15      0.00      0.00      0.00      0.00      0.00    100.00
01:27:06 AM      16      0.00      0.00      0.00      0.00      0.00    100.00
01:27:06 AM      17      0.00      0.00      0.00      0.00      0.00    100.00
01:27:06 AM      18      0.00      0.00      0.00      0.00      0.00    100.00
01:27:06 AM      19      0.00      0.00      0.00      0.00      0.00    100.00
01:27:06 AM      20      0.00      0.00      0.00      0.00      0.00    100.00
01:27:06 AM      21      0.00      0.00      0.00      0.00      0.00    100.00
01:27:06 AM      22      0.00      0.00      0.00      0.00      0.00    100.00
01:27:06 AM      23      0.00      0.00      0.00      0.00      0.00    100.00
01:27:06 AM      24      0.00      0.00      0.00      0.00      0.00    100.00
01:27:06 AM      25      0.00      0.00      0.00      0.00      0.00    100.00
01:27:06 AM      26      0.00      0.00      0.00      0.00      0.00    100.00
01:27:06 AM      27      0.00      0.00      0.00      0.00      0.00    100.00
01:27:06 AM      28      0.00      0.00      0.00      0.00      0.00    100.00
01:27:06 AM      29      0.00      0.00      0.00      0.00      0.00    100.00
01:27:06 AM      30      0.00      0.00      0.00      0.00      0.00    100.00
01:27:06 AM      31      0.00      0.00      0.00      0.00      0.00    100.00
01:27:06 AM      32      0.00      0.00      0.00      0.00      0.00    100.00
01:27:06 AM      33      0.00      0.00      0.00      0.00      0.00    100.00
01:27:06 AM      34      0.00      0.00      0.00      0.00      0.00    100.00
01:27:06 AM      35      0.00      0.00      0.00      0.00      0.00    100.00
01:27:06 AM      36      0.00      0.00      0.00      0.00      0.00    100.00
01:27:06 AM      37      0.00      0.00      1.00      0.00      0.00     99.00
01:27:06 AM      38      0.00      0.00      0.00      0.00      0.00    100.00
01:27:06 AM      39      0.00      0.00      0.00      0.00      0.00    100.00
01:27:06 AM      40      0.00      0.00      0.00      0.00      0.00    100.00
01:27:06 AM      41      0.00      0.00      0.00      0.00      0.00    100.00
01:27:06 AM      42      0.00      0.00      0.00      0.00      0.00    100.00
01:27:06 AM      43      0.00      0.00      0.00      0.00      0.00    100.00
01:27:06 AM      44      0.00      0.00      0.00      0.00      0.00    100.00
01:27:06 AM      45      0.00      0.00      0.00      0.00      0.00    100.00
01:27:06 AM      46      0.00      0.00      0.00      0.00      0.00    100.00
01:27:06 AM      47      0.00      0.00      0.00      0.00      0.00    100.00

01:27:06 AM     CPU     %user     %nice   %system   %iowait    %steal     %idle
01:27:07 AM     all      0.00      0.00      0.02      0.08      0.00     99.90
01:27:07 AM       0      0.00      0.00      0.00      0.00      0.00    100.00
01:27:07 AM       1      0.00      0.00      0.00      0.00      0.00    100.00
01:27:07 AM       2      0.00      0.00      0.00      0.00      0.00    100.00
01:27:07 AM       3      0.00      0.00      0.00      0.00      0.00    100.00
01:27:07 AM       4      0.00      0.00      0.00      0.00      0.00    100.00
01:27:07 AM       5      0.00      0.00      0.00      0.00      0.00    100.00
01:27:07 AM       6      0.00      0.00      0.00      0.00      0.00    100.00
01:27:07 AM       7      0.00      0.00      0.00      0.00      0.00    100.00
01:27:07 AM       8      0.00      0.00      0.00      4.00      0.00     96.00
01:27:07 AM       9      0.00      0.00      0.00      0.00      0.00    100.00
01:27:07 AM      10      0.00      0.00      0.00      0.00      0.00    100.00
01:27:07 AM      11      0.00      0.00      0.00      0.00      0.00    100.00
01:27:07 AM      12      0.00      0.00      0.00      0.00      0.00    100.00
01:27:07 AM      13      0.00      0.00      0.00      0.00      0.00    100.00
01:27:07 AM      14      0.00      0.00      0.00      0.00      0.00    100.00
01:27:07 AM      15      0.00      0.00      0.00      0.00      0.00    100.00
01:27:07 AM      16      0.00      0.00      0.00      0.00      0.00    100.00
01:27:07 AM      17      0.00      0.00      0.00      0.00      0.00    100.00
01:27:07 AM      18      0.00      0.00      0.00      0.00      0.00    100.00
01:27:07 AM      19      0.00      0.00      0.00      0.00      0.00    100.00
01:27:07 AM      20      0.00      0.00      0.00      0.00      0.00    100.00
01:27:07 AM      21      0.00      0.00      0.00      0.00      0.00    100.00
01:27:07 AM      22      0.00      0.00      0.00      0.00      0.00    100.00
01:27:07 AM      23      0.00      0.00      0.00      0.00      0.00    100.00
01:27:07 AM      24      0.00      0.00      0.00      0.00      0.00    100.00
01:27:07 AM      25      0.00      0.00      0.00      0.00      0.00    100.00
01:27:07 AM      26      0.00      0.00      0.00      0.00      0.00    100.00
01:27:07 AM      27      0.00      0.00      0.00      0.00      0.00    100.00
01:27:07 AM      28      0.00      0.00      0.00      0.00      0.00    100.00
01:27:07 AM      29      0.00      0.00      0.00      0.00      0.00    100.00
01:27:07 AM      30      0.00      0.00      0.00      0.00      0.00    100.00
01:27:07 AM      31      0.00      0.00      0.00      0.00      0.00    100.00
01:27:07 AM      32      0.00      0.00      0.00      0.00      0.00    100.00
01:27:07 AM      33      0.00      0.00      0.00      0.00      0.00    100.00
01:27:07 AM      34      0.00      0.00      0.00      0.00      0.00    100.00
01:27:07 AM      35      0.00      0.00      0.00      0.00      0.00    100.00
01:27:07 AM      36      0.00      0.00      0.00      0.00      0.00    100.00
01:27:07 AM      37      0.00      0.00      1.00      0.00      0.00     99.00
01:27:07 AM      38      0.00      0.00      0.00      0.00      0.00    100.00
01:27:07 AM      39      0.00      0.00      0.00      0.00      0.00    100.00
01:27:07 AM      40      0.00      0.00      0.00      0.00      0.00    100.00
01:27:07 AM      41      0.00      0.00      0.00      0.00      0.00    100.00
01:27:07 AM      42      0.00      0.00      0.00      0.00      0.00    100.00
01:27:07 AM      43      0.00      0.00      0.00      0.00      0.00    100.00
01:27:07 AM      44      0.00      0.00      0.00      0.00      0.00    100.00
01:27:07 AM      45      0.00      0.00      0.00      0.00      0.00    100.00
01:27:07 AM      46      0.00      0.00      0.00      0.00      0.00    100.00
01:27:07 AM      47      0.00      0.00      0.00      0.00      0.00    100.00

01:27:07 AM     CPU     %user     %nice   %system   %iowait    %steal     %idle
01:27:08 AM     all      0.00      0.00      0.02      0.00      0.00     99.98
01:27:08 AM       0      0.00      0.00      0.00      0.00      0.00    100.00
01:27:08 AM       1      0.00      0.00      0.00      0.00      0.00    100.00
01:27:08 AM       2      0.00      0.00      0.00      0.00      0.00    100.00
01:27:08 AM       3      0.00      0.00      0.00      0.00      0.00    100.00
01:27:08 AM       4      0.00      0.00      0.00      0.00      0.00    100.00
01:27:08 AM       5      0.00      0.00      0.00      0.00      0.00    100.00
01:27:08 AM       6      0.00      0.00      0.00      0.00      0.00    100.00
01:27:08 AM       7      0.00      0.00      0.00      0.00      0.00    100.00
01:27:08 AM       8      0.00      0.00      0.00      0.00      0.00    100.00
01:27:08 AM       9      0.00      0.00      0.00      0.00      0.00    100.00
01:27:08 AM      10      0.00      0.00      0.00      0.00      0.00    100.00
01:27:08 AM      11      0.00      0.00      0.00      0.00      0.00    100.00
01:27:08 AM      12      0.00      0.00      0.00      0.00      0.00    100.00
01:27:08 AM      13      0.00      0.00      0.00      0.00      0.00    100.00
01:27:08 AM      14      0.00      0.00      0.00      0.00      0.00    100.00
01:27:08 AM      15      0.00      0.00      0.00      0.00      0.00    100.00
01:27:08 AM      16      0.00      0.00      0.00      0.00      0.00    100.00
01:27:08 AM      17      0.00      0.00      0.00      0.00      0.00    100.00
01:27:08 AM      18      0.00      0.00      0.00      0.00      0.00    100.00
01:27:08 AM      19      0.00      0.00      0.00      0.00      0.00    100.00
01:27:08 AM      20      0.00      0.00      0.00      0.00      0.00    100.00
01:27:08 AM      21      0.00      0.00      0.00      0.00      0.00    100.00
01:27:08 AM      22      0.00      0.00      0.00      0.00      0.00    100.00
01:27:08 AM      23      0.00      0.00      0.00      0.00      0.00    100.00
01:27:08 AM      24      0.00      0.00      0.00      0.00      0.00    100.00
01:27:08 AM      25      0.00      0.00      0.00      0.00      0.00    100.00
01:27:08 AM      26      0.00      0.00      0.00      0.00      0.00    100.00
01:27:08 AM      27      0.00      0.00      0.00      0.00      0.00    100.00
01:27:08 AM      28      0.00      0.00      0.00      0.00      0.00    100.00
01:27:08 AM      29      0.00      0.00      0.00      0.00      0.00    100.00
01:27:08 AM      30      0.00      0.00      0.00      0.00      0.00    100.00
01:27:08 AM      31      0.00      0.00      0.00      0.00      0.00    100.00
01:27:08 AM      32      0.00      0.00      0.00      0.00      0.00    100.00
01:27:08 AM      33      0.00      0.00      0.00      0.00      0.00    100.00
01:27:08 AM      34      0.00      0.00      0.00      0.00      0.00    100.00
01:27:08 AM      35      0.00      0.00      0.00      0.00      0.00    100.00
01:27:08 AM      36      0.00      0.00      0.00      0.00      0.00    100.00
01:27:08 AM      37      0.99      0.00      0.99      0.00      0.00     98.02
01:27:08 AM      38      0.00      0.00      0.00      0.00      0.00    100.00
01:27:08 AM      39      0.00      0.00      0.00      0.00      0.00    100.00
01:27:08 AM      40      0.00      0.00      0.00      0.00      0.00    100.00
01:27:08 AM      41      0.00      0.00      0.00      0.00      0.00    100.00
01:27:08 AM      42      0.00      0.00      0.00      0.00      0.00    100.00
01:27:08 AM      43      0.00      0.00      0.00      0.00      0.00    100.00
01:27:08 AM      44      0.00      0.00      0.00      0.00      0.00    100.00
01:27:08 AM      45      0.00      0.00      0.00      0.00      0.00    100.00
01:27:08 AM      46      0.00      0.00      0.00      0.00      0.00    100.00
01:27:08 AM      47      0.00      0.00      0.00      0.00      0.00    100.00

01:27:08 AM     CPU     %user     %nice   %system   %iowait    %steal     %idle
01:27:09 AM     all      0.00      0.00      0.02      0.00      0.00     99.98
01:27:09 AM       0      0.00      0.00      0.00      0.00      0.00    100.00
01:27:09 AM       1      0.00      0.00      0.00      0.00      0.00    100.00
01:27:09 AM       2      0.00      0.00      0.00      0.00      0.00    100.00
01:27:09 AM       3      0.00      0.00      0.00      0.00      0.00    100.00
01:27:09 AM       4      0.00      0.00      0.00      0.00      0.00    100.00
01:27:09 AM       5      0.00      0.00      0.00      0.00      0.00    100.00
01:27:09 AM       6      0.00      0.00      0.00      0.00      0.00    100.00
01:27:09 AM       7      0.00      0.00      0.00      0.00      0.00    100.00
01:27:09 AM       8      0.00      0.00      0.00      0.00      0.00    100.00
01:27:09 AM       9      0.00      0.00      0.00      0.00      0.00    100.00
01:27:09 AM      10      0.00      0.00      0.00      0.00      0.00    100.00
01:27:09 AM      11      0.00      0.00      0.00      0.00      0.00    100.00
01:27:09 AM      12      0.00      0.00      0.00      0.00      0.00    100.00
01:27:09 AM      13      0.00      0.00      0.00      0.00      0.00    100.00
01:27:09 AM      14      0.00      0.00      0.00      0.00      0.00    100.00
01:27:09 AM      15      0.00      0.00      0.00      0.00      0.00    100.00
01:27:09 AM      16      0.99      0.00      0.00      0.00      0.00     99.01
01:27:09 AM      17      0.00      0.00      0.00      0.00      0.00    100.00
01:27:09 AM      18      0.00      0.00      0.00      0.00      0.00    100.00
01:27:09 AM      19      0.00      0.00      0.00      0.00      0.00    100.00
01:27:09 AM      20      0.00      0.00      0.00      0.00      0.00    100.00
01:27:09 AM      21      0.00      0.00      0.00      0.00      0.00    100.00
01:27:09 AM      22      0.00      0.00      0.00      0.00      0.00    100.00
01:27:09 AM      23      0.00      0.00      0.00      0.00      0.00    100.00
01:27:09 AM      24      0.00      0.00      0.00      0.00      0.00    100.00
01:27:09 AM      25      0.00      0.00      0.00      0.00      0.00    100.00
01:27:09 AM      26      0.00      0.00      0.00      0.00      0.00    100.00
01:27:09 AM      27      0.00      0.00      0.00      0.00      0.00    100.00
01:27:09 AM      28      0.00      0.00      0.00      0.00      0.00    100.00
01:27:09 AM      29      0.00      0.00      0.00      0.00      0.00    100.00
01:27:09 AM      30      0.00      0.00      0.00      0.00      0.00    100.00
01:27:09 AM      31      0.00      0.00      0.00      0.00      0.00    100.00
01:27:09 AM      32      0.00      0.00      0.00      0.00      0.00    100.00
01:27:09 AM      33      0.00      0.00      0.00      0.00      0.00    100.00
01:27:09 AM      34      0.00      0.00      0.00      0.00      0.00    100.00
01:27:09 AM      35      0.00      0.00      0.00      0.00      0.00    100.00
01:27:09 AM      36      0.00      0.00      0.00      0.00      0.00    100.00
01:27:09 AM      37      0.00      0.00      1.00      0.00      0.00     99.00
01:27:09 AM      38      0.00      0.00      0.00      0.00      0.00    100.00
01:27:09 AM      39      0.00      0.00      0.00      0.00      0.00    100.00
01:27:09 AM      40      0.00      0.00      0.00      0.00      0.00    100.00
01:27:09 AM      41      0.00      0.00      0.00      0.00      0.00    100.00
01:27:09 AM      42      0.00      0.00      0.00      0.00      0.00    100.00
01:27:09 AM      43      0.00      0.00      0.00      0.00      0.00    100.00
01:27:09 AM      44      0.00      0.00      0.00      0.00      0.00    100.00
01:27:09 AM      45      0.00      0.00      0.00      0.00      0.00    100.00
01:27:09 AM      46      0.00      0.00      0.00      0.00      0.00    100.00
01:27:09 AM      47      0.00      0.00      0.00      0.00      0.00    100.00

01:27:09 AM     CPU     %user     %nice   %system   %iowait    %steal     %idle
01:27:10 AM     all      0.00      0.00      0.02      0.00      0.00     99.98
01:27:10 AM       0      0.00      0.00      0.00      0.00      0.00    100.00
01:27:10 AM       1      0.00      0.00      0.00      0.00      0.00    100.00
01:27:10 AM       2      0.00      0.00      0.00      0.00      0.00    100.00
01:27:10 AM       3      0.00      0.00      0.00      0.00      0.00    100.00
01:27:10 AM       4      0.00      0.00      0.00      0.00      0.00    100.00
01:27:10 AM       5      0.00      0.00      0.00      0.00      0.00    100.00
01:27:10 AM       6      0.00      0.00      0.00      0.00      0.00    100.00
01:27:10 AM       7      0.00      0.00      0.00      0.00      0.00    100.00
01:27:10 AM       8      0.00      0.00      0.00      0.00      0.00    100.00
01:27:10 AM       9      0.00      0.00      0.00      0.00      0.00    100.00
01:27:10 AM      10      0.00      0.00      0.00      0.00      0.00    100.00
01:27:10 AM      11      0.00      0.00      0.00      0.00      0.00    100.00
01:27:10 AM      12      0.00      0.00      0.00      0.00      0.00    100.00
01:27:10 AM      13      0.00      0.00      0.00      0.00      0.00    100.00
01:27:10 AM      14      0.00      0.00      0.00      0.00      0.00    100.00
01:27:10 AM      15      0.00      0.00      0.00      0.00      0.00    100.00
01:27:10 AM      16      0.00      0.00      0.00      0.00      0.00    100.00
01:27:10 AM      17      0.00      0.00      0.00      0.00      0.00    100.00
01:27:10 AM      18      0.00      0.00      0.00      0.00      0.00    100.00
01:27:10 AM      19      0.00      0.00      0.00      0.00      0.00    100.00
01:27:10 AM      20      0.00      0.00      0.00      0.00      0.00    100.00
01:27:10 AM      21      0.00      0.00      0.00      0.00      0.00    100.00
01:27:10 AM      22      0.00      0.00      0.00      0.00      0.00    100.00
01:27:10 AM      23      0.00      0.00      0.00      0.00      0.00    100.00
01:27:10 AM      24      0.00      0.00      0.00      0.00      0.00    100.00
01:27:10 AM      25      0.00      0.00      0.00      0.00      0.00    100.00
01:27:10 AM      26      0.00      0.00      0.00      0.00      0.00    100.00
01:27:10 AM      27      0.00      0.00      0.00      0.00      0.00    100.00
01:27:10 AM      28      0.00      0.00      0.00      0.00      0.00    100.00
01:27:10 AM      29      0.00      0.00      0.00      0.00      0.00    100.00
01:27:10 AM      30      0.00      0.00      0.00      0.00      0.00    100.00
01:27:10 AM      31      0.00      0.00      0.00      0.00      0.00    100.00
01:27:10 AM      32      0.00      0.00      0.00      0.00      0.00    100.00
01:27:10 AM      33      0.00      0.00      0.00      0.00      0.00    100.00
01:27:10 AM      34      0.00      0.00      0.00      0.00      0.00    100.00
01:27:10 AM      35      0.00      0.00      0.00      0.00      0.00    100.00
01:27:10 AM      36      0.00      0.00      0.00      0.00      0.00    100.00
01:27:10 AM      37      0.00      0.00      1.00      0.00      0.00     99.00
01:27:10 AM      38      0.00      0.00      0.00      0.00      0.00    100.00
01:27:10 AM      39      0.00      0.00      0.00      0.00      0.00    100.00
01:27:10 AM      40      0.00      0.00      0.00      0.00      0.00    100.00
01:27:10 AM      41      0.00      0.00      0.00      0.00      0.00    100.00
01:27:10 AM      42      0.00      0.00      0.00      0.00      0.00    100.00
01:27:10 AM      43      0.00      0.00      0.00      0.00      0.00    100.00
01:27:10 AM      44      0.00      0.00      0.00      0.00      0.00    100.00
01:27:10 AM      45      0.00      0.00      0.00      0.00      0.00    100.00
01:27:10 AM      46      0.00      0.00      0.00      0.00      0.00    100.00
01:27:10 AM      47      0.00      0.00      0.00      0.00      0.00    100.00

01:27:10 AM     CPU     %user     %nice   %system   %iowait    %steal     %idle
01:27:11 AM     all      0.00      0.00      0.02      0.00      0.00     99.98
01:27:11 AM       0      0.00      0.00      0.00      0.00      0.00    100.00
01:27:11 AM       1      0.00      0.00      0.00      0.00      0.00    100.00
01:27:11 AM       2      0.00      0.00      0.00      0.00      0.00    100.00
01:27:11 AM       3      0.00      0.00      0.00      0.00      0.00    100.00
01:27:11 AM       4      0.00      0.00      0.00      0.00      0.00    100.00
01:27:11 AM       5      0.00      0.00      0.00      0.00      0.00    100.00
01:27:11 AM       6      0.00      0.00      0.00      0.00      0.00    100.00
01:27:11 AM       7      0.00      0.00      0.00      0.00      0.00    100.00
01:27:11 AM       8      0.00      0.00      0.00      0.00      0.00    100.00
01:27:11 AM       9      0.00      0.00      0.00      0.00      0.00    100.00
01:27:11 AM      10      0.00      0.00      0.00      0.00      0.00    100.00
01:27:11 AM      11      0.00      0.00      0.00      0.00      0.00    100.00
01:27:11 AM      12      0.00      0.00      0.00      0.00      0.00    100.00
01:27:11 AM      13      0.00      0.00      0.00      0.00      0.00    100.00
01:27:11 AM      14      0.00      0.00      0.00      0.00      0.00    100.00
01:27:11 AM      15      0.00      0.00      0.00      0.00      0.00    100.00
01:27:11 AM      16      0.00      0.00      0.00      0.00      0.00    100.00
01:27:11 AM      17      0.00      0.00      0.00      0.00      0.00    100.00
01:27:11 AM      18      0.00      0.00      0.00      0.00      0.00    100.00
01:27:11 AM      19      0.00      0.00      0.00      0.00      0.00    100.00
01:27:11 AM      20      0.00      0.00      0.00      0.00      0.00    100.00
01:27:11 AM      21      0.00      0.00      0.00      0.00      0.00    100.00
01:27:11 AM      22      0.00      0.00      0.00      0.00      0.00    100.00
01:27:11 AM      23      0.00      0.00      0.00      0.00      0.00    100.00
01:27:11 AM      24      0.00      0.00      0.00      0.00      0.00    100.00
01:27:11 AM      25      0.00      0.00      0.00      0.00      0.00    100.00
01:27:11 AM      26      0.00      0.00      0.00      0.00      0.00    100.00
01:27:11 AM      27      0.00      0.00      0.00      0.00      0.00    100.00
01:27:11 AM      28      0.00      0.00      0.00      0.00      0.00    100.00
01:27:11 AM      29      0.00      0.00      0.00      0.00      0.00    100.00
01:27:11 AM      30      0.00      0.00      0.00      0.00      0.00    100.00
01:27:11 AM      31      0.00      0.00      0.00      0.00      0.00    100.00
01:27:11 AM      32      0.00      0.00      0.00      0.00      0.00    100.00
01:27:11 AM      33      0.00      0.00      0.00      0.00      0.00    100.00
01:27:11 AM      34      0.00      0.00      0.00      0.00      0.00    100.00
01:27:11 AM      35      0.00      0.00      0.00      0.00      0.00    100.00
01:27:11 AM      36      0.00      0.00      0.00      0.00      0.00    100.00
01:27:11 AM      37      0.00      0.00      0.00      0.00      0.00    100.00
01:27:11 AM      38      0.00      0.00      0.00      0.00      0.00    100.00
01:27:11 AM      39      0.00      0.00      0.00      0.00      0.00    100.00
01:27:11 AM      40      0.00      0.00      0.00      0.00      0.00    100.00
01:27:11 AM      41      0.00      0.00      0.00      0.00      0.00    100.00
01:27:11 AM      42      0.00      0.00      0.00      0.00      0.00    100.00
01:27:11 AM      43      0.00      0.00      0.00      0.00      0.00    100.00
01:27:11 AM      44      0.00      0.00      0.00      0.00      0.00    100.00
01:27:11 AM      45      0.00      0.00      0.00      0.00      0.00    100.00
01:27:11 AM      46      0.00      0.00      0.00      0.00      0.00    100.00
01:27:11 AM      47      0.00      0.00      0.00      0.00      0.00    100.00

Average:        CPU     %user     %nice   %system   %iowait    %steal     %idle
Average:        all      0.12      0.00      0.59      0.01      0.00     99.29
Average:          0      5.41      0.00     27.15      0.00      0.00     67.43
Average:          1      0.00      0.00      0.00      0.00      0.00    100.00
Average:          2      0.05      0.00      0.05      0.00      0.00     99.90
Average:          3      0.00      0.00      0.00      0.00      0.00    100.00
Average:          4      0.00      0.00      0.00      0.00      0.00    100.00
Average:          5      0.00      0.00      0.00      0.00      0.00    100.00
Average:          6      0.00      0.00      0.00      0.00      0.00    100.00
Average:          7      0.00      0.00      0.00      0.00      0.00    100.00
Average:          8      0.00      0.00      0.00      0.47      0.00     99.53
Average:          9      0.00      0.00      0.00      0.00      0.00    100.00
Average:         10      0.00      0.00      0.05      0.00      0.00     99.95
Average:         11      0.00      0.00      0.00      0.00      0.00    100.00
Average:         12      0.00      0.00      0.00      0.00      0.00    100.00
Average:         13      0.00      0.00      0.00      0.00      0.00    100.00
Average:         14      0.00      0.00      0.05      0.00      0.00     99.95
Average:         15      0.00      0.00      0.00      0.00      0.00    100.00
Average:         16      0.05      0.00      0.05      0.00      0.00     99.90
Average:         17      0.00      0.00      0.00      0.00      0.00    100.00
Average:         18      0.00      0.00      0.00      0.00      0.00    100.00
Average:         19      0.00      0.00      0.10      0.00      0.00     99.90
Average:         20      0.00      0.00      0.00      0.00      0.00    100.00
Average:         21      0.00      0.00      0.00      0.00      0.00    100.00
Average:         22      0.00      0.00      0.00      0.00      0.00    100.00
Average:         23      0.00      0.00      0.00      0.00      0.00    100.00
Average:         24      0.00      0.00      0.00      0.00      0.00    100.00
Average:         25      0.00      0.00      0.00      0.00      0.00    100.00
Average:         26      0.00      0.00      0.00      0.00      0.00    100.00
Average:         27      0.00      0.00      0.00      0.00      0.00    100.00
Average:         28      0.00      0.00      0.00      0.00      0.00    100.00
Average:         29      0.00      0.00      0.00      0.00      0.00    100.00
Average:         30      0.00      0.00      0.00      0.00      0.00    100.00
Average:         31      0.00      0.00      0.00      0.00      0.00    100.00
Average:         32      0.00      0.00      0.00      0.00      0.00    100.00
Average:         33      0.00      0.00      0.00      0.00      0.00    100.00
Average:         34      0.00      0.00      0.00      0.00      0.00    100.00
Average:         35      0.00      0.00      0.00      0.00      0.00    100.00
Average:         36      0.00      0.00      0.00      0.00      0.00    100.00
Average:         37      0.05      0.00      0.85      0.00      0.00     99.10
Average:         38      0.00      0.00      0.00      0.00      0.00    100.00
Average:         39      0.00      0.00      0.00      0.00      0.00    100.00
Average:         40      0.00      0.00      0.00      0.00      0.00    100.00
Average:         41      0.00      0.00      0.00      0.00      0.00    100.00
Average:         42      0.00      0.00      0.00      0.00      0.00    100.00
Average:         43      0.00      0.00      0.00      0.00      0.00    100.00
Average:         44      0.00      0.00      0.00      0.00      0.00    100.00
Average:         45      0.00      0.00      0.00      0.00      0.00    100.00
Average:         46      0.00      0.00      0.00      0.00      0.00    100.00
Average:         47      0.00      0.00      0.00      0.00      0.00    100.00
