Linux 3.10.0-514.el7.x86_64 (localhost.localdomain) 	02/19/2020 	_x86_64_	(48 CPU)

01:01:33 AM     CPU     %user     %nice   %system   %iowait    %steal     %idle
01:01:34 AM     all      0.00      0.00      0.02      0.00      0.00     99.98
01:01:34 AM       0      0.00      0.00      0.00      0.00      0.00    100.00
01:01:34 AM       1      0.00      0.00      0.00      0.00      0.00    100.00
01:01:34 AM       2      0.00      0.00      0.00      0.00      0.00    100.00
01:01:34 AM       3      0.00      0.00      0.00      0.00      0.00    100.00
01:01:34 AM       4      0.00      0.00      0.00      0.00      0.00    100.00
01:01:34 AM       5      0.00      0.00      0.00      0.00      0.00    100.00
01:01:34 AM       6      0.00      0.00      0.00      0.00      0.00    100.00
01:01:34 AM       7      0.00      0.00      0.00      0.00      0.00    100.00
01:01:34 AM       8      0.00      0.00      0.00      0.00      0.00    100.00
01:01:34 AM       9      0.00      0.00      0.00      0.00      0.00    100.00
01:01:34 AM      10      0.00      0.00      0.00      0.00      0.00    100.00
01:01:34 AM      11      0.00      0.00      0.00      0.00      0.00    100.00
01:01:34 AM      12      0.00      0.00      0.00      0.00      0.00    100.00
01:01:34 AM      13      0.00      0.00      0.00      0.00      0.00    100.00
01:01:34 AM      14      0.00      0.00      0.00      0.00      0.00    100.00
01:01:34 AM      15      0.00      0.00      0.00      0.00      0.00    100.00
01:01:34 AM      16      0.00      0.00      0.00      0.00      0.00    100.00
01:01:34 AM      17      0.00      0.00      0.00      0.00      0.00    100.00
01:01:34 AM      18      0.00      0.00      0.00      0.00      0.00    100.00
01:01:34 AM      19      0.00      0.00      0.99      0.00      0.00     99.01
01:01:34 AM      20      0.00      0.00      0.00      0.00      0.00    100.00
01:01:34 AM      21      0.00      0.00      0.00      0.00      0.00    100.00
01:01:34 AM      22      0.00      0.00      0.00      0.00      0.00    100.00
01:01:34 AM      23      0.00      0.00      0.00      0.00      0.00    100.00
01:01:34 AM      24      0.00      0.00      0.00      0.00      0.00    100.00
01:01:34 AM      25      0.00      0.00      1.00      0.00      0.00     99.00
01:01:34 AM      26      0.00      0.00      0.00      0.00      0.00    100.00
01:01:34 AM      27      0.00      0.00      0.00      0.00      0.00    100.00
01:01:34 AM      28      0.00      0.00      0.00      0.00      0.00    100.00
01:01:34 AM      29      0.00      0.00      0.00      0.00      0.00    100.00
01:01:34 AM      30      0.00      0.00      0.00      0.00      0.00    100.00
01:01:34 AM      31      0.00      0.00      0.00      0.00      0.00    100.00
01:01:34 AM      32      0.00      0.00      0.00      0.00      0.00    100.00
01:01:34 AM      33      0.00      0.00      0.00      0.00      0.00    100.00
01:01:34 AM      34      0.00      0.00      0.00      0.00      0.00    100.00
01:01:34 AM      35      0.00      0.00      0.00      0.00      0.00    100.00
01:01:34 AM      36      0.00      0.00      0.00      0.00      0.00    100.00
01:01:34 AM      37      0.00      0.00      0.00      0.00      0.00    100.00
01:01:34 AM      38      0.00      0.00      0.00      0.00      0.00    100.00
01:01:34 AM      39      0.00      0.00      0.00      0.00      0.00    100.00
01:01:34 AM      40      0.00      0.00      0.00      0.00      0.00    100.00
01:01:34 AM      41      0.00      0.00      0.00      0.00      0.00    100.00
01:01:34 AM      42      0.00      0.00      0.00      0.00      0.00    100.00
01:01:34 AM      43      0.00      0.00      0.00      0.00      0.00    100.00
01:01:34 AM      44      0.00      0.00      0.00      0.00      0.00    100.00
01:01:34 AM      45      0.00      0.00      0.00      0.00      0.00    100.00
01:01:34 AM      46      0.00      0.00      0.00      0.00      0.00    100.00
01:01:34 AM      47      0.00      0.00      0.00      0.00      0.00    100.00

01:01:34 AM     CPU     %user     %nice   %system   %iowait    %steal     %idle
01:01:35 AM     all      0.00      0.00      0.02      0.00      0.00     99.98
01:01:35 AM       0      0.00      0.00      0.00      0.00      0.00    100.00
01:01:35 AM       1      0.00      0.00      0.00      0.00      0.00    100.00
01:01:35 AM       2      0.00      0.00      0.00      0.00      0.00    100.00
01:01:35 AM       3      0.00      0.00      0.00      0.00      0.00    100.00
01:01:35 AM       4      0.00      0.00      0.00      0.00      0.00    100.00
01:01:35 AM       5      0.00      0.00      0.00      0.00      0.00    100.00
01:01:35 AM       6      0.00      0.00      0.00      0.00      0.00    100.00
01:01:35 AM       7      0.00      0.00      0.00      0.00      0.00    100.00
01:01:35 AM       8      0.00      0.00      0.00      0.00      0.00    100.00
01:01:35 AM       9      0.00      0.00      0.00      0.00      0.00    100.00
01:01:35 AM      10      0.00      0.00      0.00      0.00      0.00    100.00
01:01:35 AM      11      0.00      0.00      0.00      0.00      0.00    100.00
01:01:35 AM      12      0.00      0.00      0.00      0.00      0.00    100.00
01:01:35 AM      13      0.00      0.00      0.00      0.00      0.00    100.00
01:01:35 AM      14      0.00      0.00      0.00      0.00      0.00    100.00
01:01:35 AM      15      0.00      0.00      0.00      0.00      0.00    100.00
01:01:35 AM      16      0.00      0.00      0.00      0.00      0.00    100.00
01:01:35 AM      17      0.00      0.00      0.00      0.00      0.00    100.00
01:01:35 AM      18      0.00      0.00      0.00      0.00      0.00    100.00
01:01:35 AM      19      0.00      0.00      0.00      0.00      0.00    100.00
01:01:35 AM      20      0.00      0.00      0.00      0.00      0.00    100.00
01:01:35 AM      21      0.00      0.00      0.00      0.00      0.00    100.00
01:01:35 AM      22      0.00      0.00      0.00      0.00      0.00    100.00
01:01:35 AM      23      0.00      0.00      0.00      0.00      0.00    100.00
01:01:35 AM      24      0.00      0.00      0.00      0.00      0.00    100.00
01:01:35 AM      25      0.00      0.00      1.00      0.00      0.00     99.00
01:01:35 AM      26      0.00      0.00      0.00      0.00      0.00    100.00
01:01:35 AM      27      0.00      0.00      0.00      0.00      0.00    100.00
01:01:35 AM      28      0.00      0.00      0.00      0.00      0.00    100.00
01:01:35 AM      29      0.00      0.00      0.00      0.00      0.00    100.00
01:01:35 AM      30      0.00      0.00      0.00      0.00      0.00    100.00
01:01:35 AM      31      0.00      0.00      0.00      0.00      0.00    100.00
01:01:35 AM      32      0.00      0.00      0.00      0.00      0.00    100.00
01:01:35 AM      33      0.00      0.00      0.00      0.00      0.00    100.00
01:01:35 AM      34      0.00      0.00      0.00      0.00      0.00    100.00
01:01:35 AM      35      0.00      0.00      0.00      0.00      0.00    100.00
01:01:35 AM      36      0.00      0.00      0.00      0.00      0.00    100.00
01:01:35 AM      37      0.00      0.00      0.00      0.00      0.00    100.00
01:01:35 AM      38      0.00      0.00      0.00      0.00      0.00    100.00
01:01:35 AM      39      0.00      0.00      0.00      0.00      0.00    100.00
01:01:35 AM      40      0.00      0.00      0.00      0.00      0.00    100.00
01:01:35 AM      41      0.00      0.00      0.00      0.00      0.00    100.00
01:01:35 AM      42      0.00      0.00      0.00      0.00      0.00    100.00
01:01:35 AM      43      0.00      0.00      0.00      0.00      0.00    100.00
01:01:35 AM      44      0.00      0.00      0.00      0.00      0.00    100.00
01:01:35 AM      45      0.00      0.00      0.00      0.00      0.00    100.00
01:01:35 AM      46      0.00      0.00      0.00      0.00      0.00    100.00
01:01:35 AM      47      0.00      0.00      0.00      0.00      0.00    100.00

01:01:35 AM     CPU     %user     %nice   %system   %iowait    %steal     %idle
01:01:36 AM     all      0.17      0.00      1.03      0.11      0.00     98.70
01:01:36 AM       0      8.00      0.00     46.00      0.00      0.00     46.00
01:01:36 AM       1      0.00      0.00      0.00      5.00      0.00     95.00
01:01:36 AM       2      0.00      0.00      0.00      0.00      0.00    100.00
01:01:36 AM       3      0.00      0.00      0.00      0.00      0.00    100.00
01:01:36 AM       4      0.00      0.00      0.00      0.00      0.00    100.00
01:01:36 AM       5      0.00      0.00      0.00      0.00      0.00    100.00
01:01:36 AM       6      0.00      0.00      0.00      0.00      0.00    100.00
01:01:36 AM       7      0.00      0.00      0.00      0.00      0.00    100.00
01:01:36 AM       8      0.00      0.00      1.56      0.00      0.00     98.44
01:01:36 AM       9      0.00      0.00      0.00      0.00      0.00    100.00
01:01:36 AM      10      0.00      0.00      0.00      0.00      0.00    100.00
01:01:36 AM      11      0.00      0.00      0.00      0.00      0.00    100.00
01:01:36 AM      12      0.00      0.00      0.00      0.00      0.00    100.00
01:01:36 AM      13      0.00      0.00      0.00      0.00      0.00    100.00
01:01:36 AM      14      0.00      0.00      0.00      0.00      0.00    100.00
01:01:36 AM      15      0.00      0.00      0.00      0.00      0.00    100.00
01:01:36 AM      16      0.00      0.00      0.00      0.00      0.00    100.00
01:01:36 AM      17      0.00      0.00      0.00      0.00      0.00    100.00
01:01:36 AM      18      0.00      0.00      0.00      0.00      0.00    100.00
01:01:36 AM      19      0.00      0.00      0.00      0.00      0.00    100.00
01:01:36 AM      20      0.00      0.00      0.00      0.00      0.00    100.00
01:01:36 AM      21      0.00      0.00      0.00      0.00      0.00    100.00
01:01:36 AM      22      0.00      0.00      0.00      0.00      0.00    100.00
01:01:36 AM      23      0.00      0.00      0.00      0.00      0.00    100.00
01:01:36 AM      24      0.00      0.00      0.00      0.00      0.00    100.00
01:01:36 AM      25      0.00      0.00      0.99      0.00      0.00     99.01
01:01:36 AM      26      0.00      0.00      0.00      0.00      0.00    100.00
01:01:36 AM      27      0.00      0.00      0.00      0.00      0.00    100.00
01:01:36 AM      28      0.00      0.00      0.00      0.00      0.00    100.00
01:01:36 AM      29      0.00      0.00      0.00      0.00      0.00    100.00
01:01:36 AM      30      0.00      0.00      0.00      0.00      0.00    100.00
01:01:36 AM      31      0.00      0.00      0.00      0.00      0.00    100.00
01:01:36 AM      32      0.00      0.00      0.00      0.00      0.00    100.00
01:01:36 AM      33      0.00      0.00      0.00      0.00      0.00    100.00
01:01:36 AM      34      0.00      0.00      0.00      0.00      0.00    100.00
01:01:36 AM      35      0.00      0.00      1.00      0.00      0.00     99.00
01:01:36 AM      36      0.00      0.00      0.00      0.00      0.00    100.00
01:01:36 AM      37      0.00      0.00      0.00      0.00      0.00    100.00
01:01:36 AM      38      0.00      0.00      0.00      0.00      0.00    100.00
01:01:36 AM      39      0.00      0.00      0.00      0.00      0.00    100.00
01:01:36 AM      40      0.00      0.00      0.00      0.00      0.00    100.00
01:01:36 AM      41      0.00      0.00      0.00      0.00      0.00    100.00
01:01:36 AM      42      0.00      0.00      0.00      0.00      0.00    100.00
01:01:36 AM      43      0.00      0.00      0.00      0.00      0.00    100.00
01:01:36 AM      44      0.00      0.00      0.00      0.00      0.00    100.00
01:01:36 AM      45      0.00      0.00      0.00      0.00      0.00    100.00
01:01:36 AM      46      0.00      0.00      0.00      0.00      0.00    100.00
01:01:36 AM      47      0.00      0.00      0.00      0.00      0.00    100.00

01:01:36 AM     CPU     %user     %nice   %system   %iowait    %steal     %idle
01:01:37 AM     all      0.36      0.00      1.90      0.00      0.00     97.74
01:01:37 AM       0     16.00      0.00     84.00      0.00      0.00      0.00
01:01:37 AM       1      0.00      0.00      0.00      0.00      0.00    100.00
01:01:37 AM       2      0.00      0.00      0.00      0.00      0.00    100.00
01:01:37 AM       3      0.00      0.00      0.00      0.00      0.00    100.00
01:01:37 AM       4      0.00      0.00      0.00      0.00      0.00    100.00
01:01:37 AM       5      0.00      0.00      0.00      0.00      0.00    100.00
01:01:37 AM       6      0.00      0.00      0.00      0.00      0.00    100.00
01:01:37 AM       7      0.00      0.00      0.00      0.00      0.00    100.00
01:01:37 AM       8      0.00      0.00      0.00      0.00      0.00    100.00
01:01:37 AM       9      0.00      0.00      0.00      0.00      0.00    100.00
01:01:37 AM      10      0.00      0.00      0.00      0.00      0.00    100.00
01:01:37 AM      11      0.00      0.00      0.00      0.00      0.00    100.00
01:01:37 AM      12      0.00      0.00      0.00      0.00      0.00    100.00
01:01:37 AM      13      0.00      0.00      0.00      0.00      0.00    100.00
01:01:37 AM      14      0.00      0.00      0.00      0.00      0.00    100.00
01:01:37 AM      15      0.00      0.00      0.00      0.00      0.00    100.00
01:01:37 AM      16      0.00      0.00      0.00      0.00      0.00    100.00
01:01:37 AM      17      0.00      0.00      0.00      0.00      0.00    100.00
01:01:37 AM      18      0.00      0.00      0.00      0.00      0.00    100.00
01:01:37 AM      19      0.00      0.00      0.00      0.00      0.00    100.00
01:01:37 AM      20      0.00      0.00      0.00      0.00      0.00    100.00
01:01:37 AM      21      0.00      0.00      0.00      0.00      0.00    100.00
01:01:37 AM      22      0.00      0.00      0.00      0.00      0.00    100.00
01:01:37 AM      23      0.00      0.00      0.00      0.00      0.00    100.00
01:01:37 AM      24      0.00      0.00      0.00      0.00      0.00    100.00
01:01:37 AM      25      0.00      0.00      0.00      0.00      0.00    100.00
01:01:37 AM      26      0.00      0.00      0.00      0.00      0.00    100.00
01:01:37 AM      27      0.00      0.00      0.00      0.00      0.00    100.00
01:01:37 AM      28      0.00      0.00      0.00      0.00      0.00    100.00
01:01:37 AM      29      0.00      0.00      0.00      0.00      0.00    100.00
01:01:37 AM      30      0.00      0.00      0.00      0.00      0.00    100.00
01:01:37 AM      31      0.00      0.00      0.00      0.00      0.00    100.00
01:01:37 AM      32      0.00      0.00      0.00      0.00      0.00    100.00
01:01:37 AM      33      0.00      0.00      0.00      0.00      0.00    100.00
01:01:37 AM      34      0.00      0.00      0.00      0.00      0.00    100.00
01:01:37 AM      35      0.00      0.00      0.00      0.00      0.00    100.00
01:01:37 AM      36      0.00      0.00      0.00      0.00      0.00    100.00
01:01:37 AM      37      0.00      0.00      1.00      0.00      0.00     99.00
01:01:37 AM      38      0.00      0.00      0.00      0.00      0.00    100.00
01:01:37 AM      39      0.00      0.00      0.00      0.00      0.00    100.00
01:01:37 AM      40      0.00      0.00      0.00      0.00      0.00    100.00
01:01:37 AM      41      0.00      0.00      0.99      0.00      0.00     99.01
01:01:37 AM      42      0.00      0.00      0.00      0.00      0.00    100.00
01:01:37 AM      43      0.00      0.00      0.00      0.00      0.00    100.00
01:01:37 AM      44      1.00      0.00      3.00      0.00      0.00     96.00
01:01:37 AM      45      0.00      0.00      0.00      0.00      0.00    100.00
01:01:37 AM      46      0.00      0.00      0.00      0.00      0.00    100.00
01:01:37 AM      47      0.00      0.00      0.00      0.00      0.00    100.00

01:01:37 AM     CPU     %user     %nice   %system   %iowait    %steal     %idle
01:01:38 AM     all      0.34      0.00      1.80      0.00      0.00     97.86
01:01:38 AM       0     16.00      0.00     84.00      0.00      0.00      0.00
01:01:38 AM       1      0.00      0.00      0.00      0.00      0.00    100.00
01:01:38 AM       2      0.00      0.00      0.99      0.00      0.00     99.01
01:01:38 AM       3      0.00      0.00      0.00      0.00      0.00    100.00
01:01:38 AM       4      0.00      0.00      0.00      0.00      0.00    100.00
01:01:38 AM       5      0.00      0.00      0.00      0.00      0.00    100.00
01:01:38 AM       6      0.00      0.00      0.00      0.00      0.00    100.00
01:01:38 AM       7      0.00      0.00      0.00      0.00      0.00    100.00
01:01:38 AM       8      0.00      0.00      4.00      0.00      0.00     96.00
01:01:38 AM       9      0.00      0.00      0.00      0.00      0.00    100.00
01:01:38 AM      10      0.00      0.00      0.00      0.00      0.00    100.00
01:01:38 AM      11      0.00      0.00      0.00      0.00      0.00    100.00
01:01:38 AM      12      0.00      0.00      0.00      0.00      0.00    100.00
01:01:38 AM      13      0.00      0.00      0.00      0.00      0.00    100.00
01:01:38 AM      14      0.00      0.00      0.00      0.00      0.00    100.00
01:01:38 AM      15      0.00      0.00      0.00      0.00      0.00    100.00
01:01:38 AM      16      0.00      0.00      0.00      0.00      0.00    100.00
01:01:38 AM      17      0.00      0.00      0.00      0.00      0.00    100.00
01:01:38 AM      18      0.00      0.00      0.00      0.00      0.00    100.00
01:01:38 AM      19      0.00      0.00      0.00      0.00      0.00    100.00
01:01:38 AM      20      0.00      0.00      0.00      0.00      0.00    100.00
01:01:38 AM      21      0.00      0.00      0.00      0.00      0.00    100.00
01:01:38 AM      22      0.00      0.00      0.00      0.00      0.00    100.00
01:01:38 AM      23      0.00      0.00      0.00      0.00      0.00    100.00
01:01:38 AM      24      0.00      0.00      0.00      0.00      0.00    100.00
01:01:38 AM      25      0.00      0.00      1.00      0.00      0.00     99.00
01:01:38 AM      26      0.00      0.00      0.00      0.00      0.00    100.00
01:01:38 AM      27      0.00      0.00      0.00      0.00      0.00    100.00
01:01:38 AM      28      0.00      0.00      0.00      0.00      0.00    100.00
01:01:38 AM      29      0.00      0.00      0.00      0.00      0.00    100.00
01:01:38 AM      30      0.00      0.00      0.00      0.00      0.00    100.00
01:01:38 AM      31      0.00      0.00      0.00      0.00      0.00    100.00
01:01:38 AM      32      0.00      0.00      0.00      0.00      0.00    100.00
01:01:38 AM      33      0.00      0.00      0.00      0.00      0.00    100.00
01:01:38 AM      34      0.00      0.00      0.00      0.00      0.00    100.00
01:01:38 AM      35      0.00      0.00      0.00      0.00      0.00    100.00
01:01:38 AM      36      0.00      0.00      0.00      0.00      0.00    100.00
01:01:38 AM      37      0.00      0.00      0.00      0.00      0.00    100.00
01:01:38 AM      38      0.00      0.00      0.00      0.00      0.00    100.00
01:01:38 AM      39      0.00      0.00      0.00      0.00      0.00    100.00
01:01:38 AM      40      0.00      0.00      0.00      0.00      0.00    100.00
01:01:38 AM      41      0.00      0.00      0.00      0.00      0.00    100.00
01:01:38 AM      42      0.00      0.00      0.00      0.00      0.00    100.00
01:01:38 AM      43      0.00      0.00      0.00      0.00      0.00    100.00
01:01:38 AM      44      0.00      0.00      0.00      0.00      0.00    100.00
01:01:38 AM      45      0.00      0.00      0.00      0.00      0.00    100.00
01:01:38 AM      46      0.00      0.00      0.00      0.00      0.00    100.00
01:01:38 AM      47      0.00      0.00      0.00      0.00      0.00    100.00

01:01:38 AM     CPU     %user     %nice   %system   %iowait    %steal     %idle
01:01:39 AM     all      0.34      0.00      1.82      0.00      0.00     97.84
01:01:39 AM       0     16.00      0.00     84.00      0.00      0.00      0.00
01:01:39 AM       1      0.00      0.00      0.00      0.00      0.00    100.00
01:01:39 AM       2      0.00      0.00      0.00      0.00      0.00    100.00
01:01:39 AM       3      0.00      0.00      0.00      0.00      0.00    100.00
01:01:39 AM       4      0.00      0.00      0.00      0.00      0.00    100.00
01:01:39 AM       5      0.00      0.00      0.00      0.00      0.00    100.00
01:01:39 AM       6      0.00      0.00      0.00      0.00      0.00    100.00
01:01:39 AM       7      0.00      0.00      0.00      0.00      0.00    100.00
01:01:39 AM       8      0.00      0.00      0.00      0.00      0.00    100.00
01:01:39 AM       9      0.00      0.00      0.00      0.00      0.00    100.00
01:01:39 AM      10      0.00      0.00      0.00      0.00      0.00    100.00
01:01:39 AM      11      0.00      0.00      0.00      0.00      0.00    100.00
01:01:39 AM      12      0.00      0.00      0.00      0.00      0.00    100.00
01:01:39 AM      13      0.00      0.00      0.00      0.00      0.00    100.00
01:01:39 AM      14      0.00      0.00      0.00      0.00      0.00    100.00
01:01:39 AM      15      0.00      0.00      0.00      0.00      0.00    100.00
01:01:39 AM      16      0.00      0.00      0.00      0.00      0.00    100.00
01:01:39 AM      17      0.00      0.00      0.00      0.00      0.00    100.00
01:01:39 AM      18      0.00      0.00      0.00      0.00      0.00    100.00
01:01:39 AM      19      0.00      0.00      0.00      0.00      0.00    100.00
01:01:39 AM      20      0.00      0.00      0.00      0.00      0.00    100.00
01:01:39 AM      21      0.00      0.00      0.00      0.00      0.00    100.00
01:01:39 AM      22      0.00      0.00      0.00      0.00      0.00    100.00
01:01:39 AM      23      0.00      0.00      0.00      0.00      0.00    100.00
01:01:39 AM      24      0.00      0.00      0.00      0.00      0.00    100.00
01:01:39 AM      25      0.00      0.00      1.00      0.00      0.00     99.00
01:01:39 AM      26      0.00      0.00      0.00      0.00      0.00    100.00
01:01:39 AM      27      0.00      0.00      0.00      0.00      0.00    100.00
01:01:39 AM      28      0.00      0.00      0.00      0.00      0.00    100.00
01:01:39 AM      29      0.00      0.00      0.00      0.00      0.00    100.00
01:01:39 AM      30      0.00      0.00      0.00      0.00      0.00    100.00
01:01:39 AM      31      0.00      0.00      0.00      0.00      0.00    100.00
01:01:39 AM      32      0.00      0.00      0.00      0.00      0.00    100.00
01:01:39 AM      33      0.00      0.00      0.00      0.00      0.00    100.00
01:01:39 AM      34      0.00      0.00      0.00      0.00      0.00    100.00
01:01:39 AM      35      0.00      0.00      0.00      0.00      0.00    100.00
01:01:39 AM      36      0.00      0.00      0.00      0.00      0.00    100.00
01:01:39 AM      37      0.00      0.00      0.00      0.00      0.00    100.00
01:01:39 AM      38      0.00      0.00      0.00      0.00      0.00    100.00
01:01:39 AM      39      0.00      0.00      0.00      0.00      0.00    100.00
01:01:39 AM      40      0.00      0.00      0.00      0.00      0.00    100.00
01:01:39 AM      41      0.00      0.00      0.00      0.00      0.00    100.00
01:01:39 AM      42      0.00      0.00      0.00      0.00      0.00    100.00
01:01:39 AM      43      0.00      0.00      0.00      0.00      0.00    100.00
01:01:39 AM      44      0.00      0.00      0.00      0.00      0.00    100.00
01:01:39 AM      45      0.00      0.00      0.00      0.00      0.00    100.00
01:01:39 AM      46      0.00      0.00      0.00      0.00      0.00    100.00
01:01:39 AM      47      0.00      0.00      0.00      0.00      0.00    100.00

01:01:39 AM     CPU     %user     %nice   %system   %iowait    %steal     %idle
01:01:40 AM     all      0.36      0.00      1.78      0.00      0.00     97.86
01:01:40 AM       0     16.83      0.00     83.17      0.00      0.00      0.00
01:01:40 AM       1      0.00      0.00      0.00      0.00      0.00    100.00
01:01:40 AM       2      0.00      0.00      0.00      0.00      0.00    100.00
01:01:40 AM       3      0.00      0.00      0.00      0.00      0.00    100.00
01:01:40 AM       4      0.00      0.00      0.00      0.00      0.00    100.00
01:01:40 AM       5      0.00      0.00      0.00      0.00      0.00    100.00
01:01:40 AM       6      0.00      0.00      0.00      0.00      0.00    100.00
01:01:40 AM       7      0.00      0.00      0.00      0.00      0.00    100.00
01:01:40 AM       8      0.00      0.00      3.85      0.00      0.00     96.15
01:01:40 AM       9      0.00      0.00      0.00      0.00      0.00    100.00
01:01:40 AM      10      0.00      0.00      0.00      0.00      0.00    100.00
01:01:40 AM      11      0.00      0.00      0.00      0.00      0.00    100.00
01:01:40 AM      12      0.00      0.00      0.00      0.00      0.00    100.00
01:01:40 AM      13      0.00      0.00      0.00      0.00      0.00    100.00
01:01:40 AM      14      0.00      0.00      0.00      0.00      0.00    100.00
01:01:40 AM      15      0.00      0.00      0.00      0.00      0.00    100.00
01:01:40 AM      16      0.00      0.00      0.00      0.00      0.00    100.00
01:01:40 AM      17      0.00      0.00      0.00      0.00      0.00    100.00
01:01:40 AM      18      0.00      0.00      0.00      0.00      0.00    100.00
01:01:40 AM      19      0.00      0.00      0.00      0.00      0.00    100.00
01:01:40 AM      20      0.00      0.00      0.00      0.00      0.00    100.00
01:01:40 AM      21      0.00      0.00      0.00      0.00      0.00    100.00
01:01:40 AM      22      0.00      0.00      0.00      0.00      0.00    100.00
01:01:40 AM      23      0.00      0.00      0.00      0.00      0.00    100.00
01:01:40 AM      24      0.00      0.00      0.00      0.00      0.00    100.00
01:01:40 AM      25      0.00      0.00      0.00      0.00      0.00    100.00
01:01:40 AM      26      0.00      0.00      0.00      0.00      0.00    100.00
01:01:40 AM      27      0.00      0.00      0.00      0.00      0.00    100.00
01:01:40 AM      28      0.00      0.00      0.00      0.00      0.00    100.00
01:01:40 AM      29      0.00      0.00      0.00      0.00      0.00    100.00
01:01:40 AM      30      0.00      0.00      0.00      0.00      0.00    100.00
01:01:40 AM      31      0.00      0.00      0.00      0.00      0.00    100.00
01:01:40 AM      32      0.00      0.00      0.00      0.00      0.00    100.00
01:01:40 AM      33      0.00      0.00      0.00      0.00      0.00    100.00
01:01:40 AM      34      0.00      0.00      0.00      0.00      0.00    100.00
01:01:40 AM      35      0.00      0.00      0.00      0.00      0.00    100.00
01:01:40 AM      36      0.00      0.00      0.00      0.00      0.00    100.00
01:01:40 AM      37      0.00      0.00      0.00      0.00      0.00    100.00
01:01:40 AM      38      0.00      0.00      0.00      0.00      0.00    100.00
01:01:40 AM      39      0.00      0.00      0.00      0.00      0.00    100.00
01:01:40 AM      40      0.00      0.00      0.00      0.00      0.00    100.00
01:01:40 AM      41      0.00      0.00      0.00      0.00      0.00    100.00
01:01:40 AM      42      0.00      0.00      0.00      0.00      0.00    100.00
01:01:40 AM      43      0.00      0.00      0.00      0.00      0.00    100.00
01:01:40 AM      44      0.00      0.00      0.00      0.00      0.00    100.00
01:01:40 AM      45      0.00      0.00      0.00      0.00      0.00    100.00
01:01:40 AM      46      0.00      0.00      0.00      0.00      0.00    100.00
01:01:40 AM      47      0.00      0.00      0.00      0.00      0.00    100.00

01:01:40 AM     CPU     %user     %nice   %system   %iowait    %steal     %idle
01:01:41 AM     all      0.32      0.00      1.84      0.08      0.00     97.76
01:01:41 AM       0     15.15      0.00     84.85      0.00      0.00      0.00
01:01:41 AM       1      0.00      0.00      0.00      4.00      0.00     96.00
01:01:41 AM       2      0.00      0.00      0.00      0.00      0.00    100.00
01:01:41 AM       3      0.00      0.00      0.00      0.00      0.00    100.00
01:01:41 AM       4      0.00      0.00      0.00      0.00      0.00    100.00
01:01:41 AM       5      0.00      0.00      0.00      0.00      0.00    100.00
01:01:41 AM       6      0.00      0.00      0.00      0.00      0.00    100.00
01:01:41 AM       7      0.00      0.00      0.00      0.00      0.00    100.00
01:01:41 AM       8      0.00      0.00      4.00      0.00      0.00     96.00
01:01:41 AM       9      0.00      0.00      0.00      0.00      0.00    100.00
01:01:41 AM      10      0.00      0.00      0.00      0.00      0.00    100.00
01:01:41 AM      11      0.00      0.00      0.00      0.00      0.00    100.00
01:01:41 AM      12      0.00      0.00      0.00      0.00      0.00    100.00
01:01:41 AM      13      0.00      0.00      0.00      0.00      0.00    100.00
01:01:41 AM      14      0.00      0.00      0.00      0.00      0.00    100.00
01:01:41 AM      15      0.00      0.00      0.00      0.00      0.00    100.00
01:01:41 AM      16      0.00      0.00      0.00      0.00      0.00    100.00
01:01:41 AM      17      0.00      0.00      0.00      0.00      0.00    100.00
01:01:41 AM      18      0.00      0.00      0.00      0.00      0.00    100.00
01:01:41 AM      19      0.00      0.00      0.00      0.00      0.00    100.00
01:01:41 AM      20      0.00      0.00      0.00      0.00      0.00    100.00
01:01:41 AM      21      0.00      0.00      0.00      0.00      0.00    100.00
01:01:41 AM      22      0.00      0.00      0.00      0.00      0.00    100.00
01:01:41 AM      23      0.00      0.00      0.00      0.00      0.00    100.00
01:01:41 AM      24      0.00      0.00      0.00      0.00      0.00    100.00
01:01:41 AM      25      0.00      0.00      1.00      0.00      0.00     99.00
01:01:41 AM      26      0.00      0.00      0.00      0.00      0.00    100.00
01:01:41 AM      27      0.00      0.00      0.00      0.00      0.00    100.00
01:01:41 AM      28      0.00      0.00      0.00      0.00      0.00    100.00
01:01:41 AM      29      0.00      0.00      0.00      0.00      0.00    100.00
01:01:41 AM      30      0.00      0.00      0.00      0.00      0.00    100.00
01:01:41 AM      31      0.00      0.00      0.00      0.00      0.00    100.00
01:01:41 AM      32      0.00      0.00      0.00      0.00      0.00    100.00
01:01:41 AM      33      0.00      0.00      0.00      0.00      0.00    100.00
01:01:41 AM      34      0.00      0.00      0.00      0.00      0.00    100.00
01:01:41 AM      35      0.00      0.00      0.00      0.00      0.00    100.00
01:01:41 AM      36      0.00      0.00      0.00      0.00      0.00    100.00
01:01:41 AM      37      0.00      0.00      0.00      0.00      0.00    100.00
01:01:41 AM      38      0.00      0.00      0.00      0.00      0.00    100.00
01:01:41 AM      39      0.00      0.00      0.00      0.00      0.00    100.00
01:01:41 AM      40      0.00      0.00      0.00      0.00      0.00    100.00
01:01:41 AM      41      0.00      0.00      0.00      0.00      0.00    100.00
01:01:41 AM      42      0.00      0.00      0.00      0.00      0.00    100.00
01:01:41 AM      43      0.00      0.00      0.00      0.00      0.00    100.00
01:01:41 AM      44      0.00      0.00      0.00      0.00      0.00    100.00
01:01:41 AM      45      0.00      0.00      0.00      0.00      0.00    100.00
01:01:41 AM      46      0.00      0.00      0.00      0.00      0.00    100.00
01:01:41 AM      47      0.00      0.00      0.00      0.00      0.00    100.00

01:01:41 AM     CPU     %user     %nice   %system   %iowait    %steal     %idle
01:01:42 AM     all      0.25      0.00      1.88      0.00      0.00     97.86
01:01:42 AM       0     12.00      0.00     88.00      0.00      0.00      0.00
01:01:42 AM       1      0.00      0.00      0.00      0.00      0.00    100.00
01:01:42 AM       2      0.00      0.00      0.00      0.00      0.00    100.00
01:01:42 AM       3      0.00      0.00      0.00      0.00      0.00    100.00
01:01:42 AM       4      0.00      0.00      0.00      0.00      0.00    100.00
01:01:42 AM       5      0.00      0.00      0.00      0.00      0.00    100.00
01:01:42 AM       6      0.00      0.00      0.00      0.00      0.00    100.00
01:01:42 AM       7      0.00      0.00      0.00      0.00      0.00    100.00
01:01:42 AM       8      0.00      0.00      0.00      0.00      0.00    100.00
01:01:42 AM       9      0.00      0.00      0.00      0.00      0.00    100.00
01:01:42 AM      10      0.00      0.00      0.00      0.00      0.00    100.00
01:01:42 AM      11      0.00      0.00      0.00      0.00      0.00    100.00
01:01:42 AM      12      0.00      0.00      0.00      0.00      0.00    100.00
01:01:42 AM      13      0.00      0.00      0.00      0.00      0.00    100.00
01:01:42 AM      14      0.00      0.00      0.00      0.00      0.00    100.00
01:01:42 AM      15      0.00      0.00      0.00      0.00      0.00    100.00
01:01:42 AM      16      0.00      0.00      0.00      0.00      0.00    100.00
01:01:42 AM      17      0.00      0.00      0.00      0.00      0.00    100.00
01:01:42 AM      18      0.00      0.00      0.00      0.00      0.00    100.00
01:01:42 AM      19      0.00      0.00      0.00      0.00      0.00    100.00
01:01:42 AM      20      0.00      0.00      0.00      0.00      0.00    100.00
01:01:42 AM      21      0.00      0.00      0.00      0.00      0.00    100.00
01:01:42 AM      22      0.00      0.00      0.00      0.00      0.00    100.00
01:01:42 AM      23      0.00      0.00      0.00      0.00      0.00    100.00
01:01:42 AM      24      0.00      0.00      0.00      0.00      0.00    100.00
01:01:42 AM      25      0.00      0.00      1.00      0.00      0.00     99.00
01:01:42 AM      26      0.00      0.00      0.00      0.00      0.00    100.00
01:01:42 AM      27      0.00      0.00      0.00      0.00      0.00    100.00
01:01:42 AM      28      0.00      0.00      0.00      0.00      0.00    100.00
01:01:42 AM      29      0.00      0.00      0.00      0.00      0.00    100.00
01:01:42 AM      30      0.00      0.00      0.00      0.00      0.00    100.00
01:01:42 AM      31      0.00      0.00      0.00      0.00      0.00    100.00
01:01:42 AM      32      0.00      0.00      0.00      0.00      0.00    100.00
01:01:42 AM      33      0.00      0.00      0.00      0.00      0.00    100.00
01:01:42 AM      34      0.00      0.00      0.00      0.00      0.00    100.00
01:01:42 AM      35      0.00      0.00      0.00      0.00      0.00    100.00
01:01:42 AM      36      0.00      0.00      0.00      0.00      0.00    100.00
01:01:42 AM      37      0.00      0.00      0.00      0.00      0.00    100.00
01:01:42 AM      38      0.00      0.00      0.00      0.00      0.00    100.00
01:01:42 AM      39      0.00      0.00      0.00      0.00      0.00    100.00
01:01:42 AM      40      0.00      0.00      0.00      0.00      0.00    100.00
01:01:42 AM      41      0.00      0.00      0.00      0.00      0.00    100.00
01:01:42 AM      42      0.00      0.00      0.00      0.00      0.00    100.00
01:01:42 AM      43      0.00      0.00      0.00      0.00      0.00    100.00
01:01:42 AM      44      0.00      0.00      0.00      0.00      0.00    100.00
01:01:42 AM      45      0.00      0.00      0.00      0.00      0.00    100.00
01:01:42 AM      46      0.00      0.00      0.00      0.00      0.00    100.00
01:01:42 AM      47      0.00      0.00      0.00      0.00      0.00    100.00

01:01:42 AM     CPU     %user     %nice   %system   %iowait    %steal     %idle
01:01:43 AM     all      0.30      0.00      1.86      0.00      0.00     97.84
01:01:43 AM       0     14.00      0.00     86.00      0.00      0.00      0.00
01:01:43 AM       1      0.00      0.00      0.00      0.00      0.00    100.00
01:01:43 AM       2      0.00      0.00      0.00      0.00      0.00    100.00
01:01:43 AM       3      0.00      0.00      0.00      0.00      0.00    100.00
01:01:43 AM       4      0.00      0.00      0.00      0.00      0.00    100.00
01:01:43 AM       5      0.00      0.00      0.00      0.00      0.00    100.00
01:01:43 AM       6      0.00      0.00      0.00      0.00      0.00    100.00
01:01:43 AM       7      0.00      0.00      0.00      0.00      0.00    100.00
01:01:43 AM       8      0.00      0.00      4.00      0.00      0.00     96.00
01:01:43 AM       9      0.00      0.00      0.00      0.00      0.00    100.00
01:01:43 AM      10      0.00      0.00      0.00      0.00      0.00    100.00
01:01:43 AM      11      0.00      0.00      0.00      0.00      0.00    100.00
01:01:43 AM      12      0.00      0.00      0.00      0.00      0.00    100.00
01:01:43 AM      13      0.00      0.00      0.00      0.00      0.00    100.00
01:01:43 AM      14      0.00      0.00      0.00      0.00      0.00    100.00
01:01:43 AM      15      0.00      0.00      0.00      0.00      0.00    100.00
01:01:43 AM      16      0.00      0.00      0.00      0.00      0.00    100.00
01:01:43 AM      17      0.00      0.00      0.00      0.00      0.00    100.00
01:01:43 AM      18      0.00      0.00      0.00      0.00      0.00    100.00
01:01:43 AM      19      0.00      0.00      0.00      0.00      0.00    100.00
01:01:43 AM      20      0.00      0.00      0.00      0.00      0.00    100.00
01:01:43 AM      21      0.00      0.00      0.00      0.00      0.00    100.00
01:01:43 AM      22      0.00      0.00      0.00      0.00      0.00    100.00
01:01:43 AM      23      0.00      0.00      0.00      0.00      0.00    100.00
01:01:43 AM      24      0.00      0.00      0.00      0.00      0.00    100.00
01:01:43 AM      25      0.00      0.00      1.00      0.00      0.00     99.00
01:01:43 AM      26      0.00      0.00      0.00      0.00      0.00    100.00
01:01:43 AM      27      0.00      0.00      0.00      0.00      0.00    100.00
01:01:43 AM      28      0.00      0.00      0.00      0.00      0.00    100.00
01:01:43 AM      29      0.00      0.00      0.00      0.00      0.00    100.00
01:01:43 AM      30      0.00      0.00      0.00      0.00      0.00    100.00
01:01:43 AM      31      0.00      0.00      0.00      0.00      0.00    100.00
01:01:43 AM      32      0.00      0.00      0.00      0.00      0.00    100.00
01:01:43 AM      33      0.00      0.00      0.00      0.00      0.00    100.00
01:01:43 AM      34      0.00      0.00      0.00      0.00      0.00    100.00
01:01:43 AM      35      0.00      0.00      0.00      0.00      0.00    100.00
01:01:43 AM      36      0.00      0.00      0.00      0.00      0.00    100.00
01:01:43 AM      37      0.00      0.00      0.00      0.00      0.00    100.00
01:01:43 AM      38      0.00      0.00      0.00      0.00      0.00    100.00
01:01:43 AM      39      0.00      0.00      0.00      0.00      0.00    100.00
01:01:43 AM      40      0.00      0.00      0.00      0.00      0.00    100.00
01:01:43 AM      41      0.00      0.00      0.00      0.00      0.00    100.00
01:01:43 AM      42      0.00      0.00      0.00      0.00      0.00    100.00
01:01:43 AM      43      0.00      0.00      0.00      0.00      0.00    100.00
01:01:43 AM      44      0.00      0.00      0.00      0.00      0.00    100.00
01:01:43 AM      45      0.00      0.00      0.00      0.00      0.00    100.00
01:01:43 AM      46      0.00      0.00      0.00      0.00      0.00    100.00
01:01:43 AM      47      0.00      0.00      0.00      0.00      0.00    100.00

01:01:43 AM     CPU     %user     %nice   %system   %iowait    %steal     %idle
01:01:44 AM     all      0.32      0.00      1.84      0.00      0.00     97.84
01:01:44 AM       0     14.85      0.00     85.15      0.00      0.00      0.00
01:01:44 AM       1      0.00      0.00      0.00      0.00      0.00    100.00
01:01:44 AM       2      0.00      0.00      0.00      0.00      0.00    100.00
01:01:44 AM       3      0.00      0.00      0.00      0.00      0.00    100.00
01:01:44 AM       4      0.00      0.00      0.00      0.00      0.00    100.00
01:01:44 AM       5      0.00      0.00      0.00      0.00      0.00    100.00
01:01:44 AM       6      0.00      0.00      0.00      0.00      0.00    100.00
01:01:44 AM       7      0.00      0.00      0.00      0.00      0.00    100.00
01:01:44 AM       8      0.00      0.00      3.85      0.00      0.00     96.15
01:01:44 AM       9      0.00      0.00      0.00      0.00      0.00    100.00
01:01:44 AM      10      0.00      0.00      0.00      0.00      0.00    100.00
01:01:44 AM      11      0.00      0.00      0.00      0.00      0.00    100.00
01:01:44 AM      12      0.00      0.00      0.00      0.00      0.00    100.00
01:01:44 AM      13      0.00      0.00      0.00      0.00      0.00    100.00
01:01:44 AM      14      0.00      0.00      0.00      0.00      0.00    100.00
01:01:44 AM      15      0.00      0.00      0.00      0.00      0.00    100.00
01:01:44 AM      16      0.00      0.00      0.00      0.00      0.00    100.00
01:01:44 AM      17      0.00      0.00      0.00      0.00      0.00    100.00
01:01:44 AM      18      0.00      0.00      0.00      0.00      0.00    100.00
01:01:44 AM      19      1.00      0.00      0.00      0.00      0.00     99.00
01:01:44 AM      20      0.00      0.00      0.00      0.00      0.00    100.00
01:01:44 AM      21      0.00      0.00      0.00      0.00      0.00    100.00
01:01:44 AM      22      0.00      0.00      0.00      0.00      0.00    100.00
01:01:44 AM      23      0.00      0.00      0.00      0.00      0.00    100.00
01:01:44 AM      24      0.00      0.00      0.00      0.00      0.00    100.00
01:01:44 AM      25      0.00      0.00      0.00      0.00      0.00    100.00
01:01:44 AM      26      0.00      0.00      0.00      0.00      0.00    100.00
01:01:44 AM      27      0.00      0.00      0.00      0.00      0.00    100.00
01:01:44 AM      28      0.00      0.00      0.00      0.00      0.00    100.00
01:01:44 AM      29      0.00      0.00      0.00      0.00      0.00    100.00
01:01:44 AM      30      0.00      0.00      0.00      0.00      0.00    100.00
01:01:44 AM      31      0.00      0.00      0.00      0.00      0.00    100.00
01:01:44 AM      32      0.00      0.00      0.00      0.00      0.00    100.00
01:01:44 AM      33      0.00      0.00      0.00      0.00      0.00    100.00
01:01:44 AM      34      0.00      0.00      0.00      0.00      0.00    100.00
01:01:44 AM      35      0.00      0.00      0.00      0.00      0.00    100.00
01:01:44 AM      36      0.00      0.00      0.00      0.00      0.00    100.00
01:01:44 AM      37      0.00      0.00      0.00      0.00      0.00    100.00
01:01:44 AM      38      0.00      0.00      0.00      0.00      0.00    100.00
01:01:44 AM      39      0.00      0.00      0.00      0.00      0.00    100.00
01:01:44 AM      40      0.00      0.00      0.00      0.00      0.00    100.00
01:01:44 AM      41      0.00      0.00      0.00      0.00      0.00    100.00
01:01:44 AM      42      0.00      0.00      0.00      0.00      0.00    100.00
01:01:44 AM      43      0.00      0.00      0.00      0.00      0.00    100.00
01:01:44 AM      44      0.00      0.00      0.00      0.00      0.00    100.00
01:01:44 AM      45      0.00      0.00      0.00      0.00      0.00    100.00
01:01:44 AM      46      0.00      0.00      0.00      0.00      0.00    100.00
01:01:44 AM      47      0.00      0.00      0.00      0.00      0.00    100.00

01:01:44 AM     CPU     %user     %nice   %system   %iowait    %steal     %idle
01:01:45 AM     all      0.32      0.00      1.84      0.00      0.00     97.84
01:01:45 AM       0     15.15      0.00     84.85      0.00      0.00      0.00
01:01:45 AM       1      0.00      0.00      0.00      0.00      0.00    100.00
01:01:45 AM       2      0.00      0.00      0.00      0.00      0.00    100.00
01:01:45 AM       3      0.00      0.00      0.00      0.00      0.00    100.00
01:01:45 AM       4      0.00      0.00      0.00      0.00      0.00    100.00
01:01:45 AM       5      0.00      0.00      0.00      0.00      0.00    100.00
01:01:45 AM       6      0.00      0.00      0.00      0.00      0.00    100.00
01:01:45 AM       7      0.00      0.00      0.00      0.00      0.00    100.00
01:01:45 AM       8      0.00      0.00      0.00      0.00      0.00    100.00
01:01:45 AM       9      0.00      0.00      0.00      0.00      0.00    100.00
01:01:45 AM      10      0.00      0.00      0.00      0.00      0.00    100.00
01:01:45 AM      11      0.00      0.00      0.00      0.00      0.00    100.00
01:01:45 AM      12      0.00      0.00      0.00      0.00      0.00    100.00
01:01:45 AM      13      0.00      0.00      0.00      0.00      0.00    100.00
01:01:45 AM      14      0.00      0.00      0.00      0.00      0.00    100.00
01:01:45 AM      15      0.00      0.00      0.00      0.00      0.00    100.00
01:01:45 AM      16      0.00      0.00      0.00      0.00      0.00    100.00
01:01:45 AM      17      0.00      0.00      0.00      0.00      0.00    100.00
01:01:45 AM      18      0.00      0.00      0.00      0.00      0.00    100.00
01:01:45 AM      19      0.00      0.00      0.00      0.00      0.00    100.00
01:01:45 AM      20      0.00      0.00      0.00      0.00      0.00    100.00
01:01:45 AM      21      0.00      0.00      0.00      0.00      0.00    100.00
01:01:45 AM      22      0.00      0.00      0.00      0.00      0.00    100.00
01:01:45 AM      23      0.00      0.00      0.00      0.00      0.00    100.00
01:01:45 AM      24      0.00      0.00      0.00      0.00      0.00    100.00
01:01:45 AM      25      0.00      0.00      1.00      0.00      0.00     99.00
01:01:45 AM      26      0.00      0.00      0.00      0.00      0.00    100.00
01:01:45 AM      27      0.00      0.00      0.00      0.00      0.00    100.00
01:01:45 AM      28      0.00      0.00      0.00      0.00      0.00    100.00
01:01:45 AM      29      0.00      0.00      0.00      0.00      0.00    100.00
01:01:45 AM      30      0.00      0.00      0.00      0.00      0.00    100.00
01:01:45 AM      31      0.00      0.00      0.00      0.00      0.00    100.00
01:01:45 AM      32      0.00      0.00      0.00      0.00      0.00    100.00
01:01:45 AM      33      0.00      0.00      0.00      0.00      0.00    100.00
01:01:45 AM      34      0.00      0.00      0.00      0.00      0.00    100.00
01:01:45 AM      35      0.00      0.00      0.00      0.00      0.00    100.00
01:01:45 AM      36      0.00      0.00      0.00      0.00      0.00    100.00
01:01:45 AM      37      0.00      0.00      0.00      0.00      0.00    100.00
01:01:45 AM      38      0.00      0.00      0.00      0.00      0.00    100.00
01:01:45 AM      39      0.00      0.00      0.00      0.00      0.00    100.00
01:01:45 AM      40      0.00      0.00      0.00      0.00      0.00    100.00
01:01:45 AM      41      0.00      0.00      0.00      0.00      0.00    100.00
01:01:45 AM      42      0.00      0.00      0.00      0.00      0.00    100.00
01:01:45 AM      43      0.00      0.00      0.00      0.00      0.00    100.00
01:01:45 AM      44      0.00      0.00      0.00      0.00      0.00    100.00
01:01:45 AM      45      0.00      0.00      0.00      0.00      0.00    100.00
01:01:45 AM      46      0.00      0.00      0.00      0.00      0.00    100.00
01:01:45 AM      47      0.00      0.00      0.00      0.00      0.00    100.00

01:01:45 AM     CPU     %user     %nice   %system   %iowait    %steal     %idle
01:01:46 AM     all      0.21      0.00      1.14      0.06      0.00     98.59
01:01:46 AM       0     10.00      0.00     53.00      0.00      0.00     37.00
01:01:46 AM       1      0.00      0.00      0.00      3.00      0.00     97.00
01:01:46 AM       2      0.00      0.00      0.00      0.00      0.00    100.00
01:01:46 AM       3      0.00      0.00      0.00      0.00      0.00    100.00
01:01:46 AM       4      0.00      0.00      0.00      0.00      0.00    100.00
01:01:46 AM       5      0.00      0.00      0.00      0.00      0.00    100.00
01:01:46 AM       6      0.00      0.00      0.00      0.00      0.00    100.00
01:01:46 AM       7      0.00      0.00      0.00      0.00      0.00    100.00
01:01:46 AM       8      0.00      0.00      1.89      0.00      0.00     98.11
01:01:46 AM       9      0.00      0.00      0.00      0.00      0.00    100.00
01:01:46 AM      10      0.00      0.00      0.00      0.00      0.00    100.00
01:01:46 AM      11      0.00      0.00      0.00      0.00      0.00    100.00
01:01:46 AM      12      0.00      0.00      0.00      0.00      0.00    100.00
01:01:46 AM      13      0.00      0.00      0.00      0.00      0.00    100.00
01:01:46 AM      14      0.00      0.00      0.00      0.00      0.00    100.00
01:01:46 AM      15      0.00      0.00      0.00      0.00      0.00    100.00
01:01:46 AM      16      0.00      0.00      0.00      0.00      0.00    100.00
01:01:46 AM      17      0.00      0.00      0.00      0.00      0.00    100.00
01:01:46 AM      18      0.00      0.00      0.00      0.00      0.00    100.00
01:01:46 AM      19      0.00      0.00      0.00      0.00      0.00    100.00
01:01:46 AM      20      0.00      0.00      0.00      0.00      0.00    100.00
01:01:46 AM      21      0.00      0.00      0.00      0.00      0.00    100.00
01:01:46 AM      22      0.00      0.00      0.00      0.00      0.00    100.00
01:01:46 AM      23      0.00      0.00      0.00      0.00      0.00    100.00
01:01:46 AM      24      0.00      0.00      0.00      0.00      0.00    100.00
01:01:46 AM      25      0.00      0.00      1.00      0.00      0.00     99.00
01:01:46 AM      26      0.00      0.00      0.00      0.00      0.00    100.00
01:01:46 AM      27      0.00      0.00      0.00      0.00      0.00    100.00
01:01:46 AM      28      0.00      0.00      0.00      0.00      0.00    100.00
01:01:46 AM      29      0.00      0.00      0.00      0.00      0.00    100.00
01:01:46 AM      30      0.00      0.00      0.00      0.00      0.00    100.00
01:01:46 AM      31      0.00      0.00      0.00      0.00      0.00    100.00
01:01:46 AM      32      0.00      0.00      0.00      0.00      0.00    100.00
01:01:46 AM      33      0.00      0.00      0.00      0.00      0.00    100.00
01:01:46 AM      34      0.00      0.00      0.00      0.00      0.00    100.00
01:01:46 AM      35      0.00      0.00      0.00      0.00      0.00    100.00
01:01:46 AM      36      0.00      0.00      0.00      0.00      0.00    100.00
01:01:46 AM      37      0.00      0.00      0.00      0.00      0.00    100.00
01:01:46 AM      38      0.00      0.00      0.00      0.00      0.00    100.00
01:01:46 AM      39      0.00      0.00      0.00      0.00      0.00    100.00
01:01:46 AM      40      0.00      0.00      0.00      0.00      0.00    100.00
01:01:46 AM      41      0.00      0.00      0.00      0.00      0.00    100.00
01:01:46 AM      42      0.00      0.00      0.00      0.00      0.00    100.00
01:01:46 AM      43      0.00      0.00      0.00      0.00      0.00    100.00
01:01:46 AM      44      0.00      0.00      0.00      0.00      0.00    100.00
01:01:46 AM      45      0.00      0.00      0.00      0.00      0.00    100.00
01:01:46 AM      46      0.00      0.00      0.00      0.00      0.00    100.00
01:01:46 AM      47      0.00      0.00      0.00      0.00      0.00    100.00

01:01:46 AM     CPU     %user     %nice   %system   %iowait    %steal     %idle
01:01:47 AM     all      0.02      0.00      0.02      0.00      0.00     99.96
01:01:47 AM       0      0.00      0.00      0.00      0.00      0.00    100.00
01:01:47 AM       1      0.00      0.00      0.00      0.00      0.00    100.00
01:01:47 AM       2      0.00      0.00      0.00      0.00      0.00    100.00
01:01:47 AM       3      0.00      0.00      0.00      0.00      0.00    100.00
01:01:47 AM       4      0.00      0.00      0.00      0.00      0.00    100.00
01:01:47 AM       5      0.00      0.00      0.00      0.00      0.00    100.00
01:01:47 AM       6      0.00      0.00      0.00      0.00      0.00    100.00
01:01:47 AM       7      0.00      0.00      0.00      0.00      0.00    100.00
01:01:47 AM       8      0.00      0.00      0.00      0.00      0.00    100.00
01:01:47 AM       9      0.00      0.00      0.00      0.00      0.00    100.00
01:01:47 AM      10      0.00      0.00      0.00      0.00      0.00    100.00
01:01:47 AM      11      0.00      0.00      0.00      0.00      0.00    100.00
01:01:47 AM      12      0.99      0.00      0.00      0.00      0.00     99.01
01:01:47 AM      13      0.00      0.00      0.00      0.00      0.00    100.00
01:01:47 AM      14      0.00      0.00      0.00      0.00      0.00    100.00
01:01:47 AM      15      0.00      0.00      0.00      0.00      0.00    100.00
01:01:47 AM      16      0.00      0.00      0.00      0.00      0.00    100.00
01:01:47 AM      17      0.00      0.00      0.00      0.00      0.00    100.00
01:01:47 AM      18      0.00      0.00      0.00      0.00      0.00    100.00
01:01:47 AM      19      0.00      0.00      0.00      0.00      0.00    100.00
01:01:47 AM      20      0.00      0.00      0.00      0.00      0.00    100.00
01:01:47 AM      21      0.00      0.00      0.00      0.00      0.00    100.00
01:01:47 AM      22      0.00      0.00      0.00      0.00      0.00    100.00
01:01:47 AM      23      0.00      0.00      0.00      0.00      0.00    100.00
01:01:47 AM      24      0.00      0.00      0.00      0.00      0.00    100.00
01:01:47 AM      25      0.00      0.00      0.00      0.00      0.00    100.00
01:01:47 AM      26      0.00      0.00      0.00      0.00      0.00    100.00
01:01:47 AM      27      0.00      0.00      0.00      0.00      0.00    100.00
01:01:47 AM      28      0.00      0.00      0.00      0.00      0.00    100.00
01:01:47 AM      29      0.00      0.00      0.00      0.00      0.00    100.00
01:01:47 AM      30      0.00      0.00      0.00      0.00      0.00    100.00
01:01:47 AM      31      0.00      0.00      0.00      0.00      0.00    100.00
01:01:47 AM      32      0.00      0.00      0.00      0.00      0.00    100.00
01:01:47 AM      33      0.00      0.00      0.00      0.00      0.00    100.00
01:01:47 AM      34      0.00      0.00      0.00      0.00      0.00    100.00
01:01:47 AM      35      0.00      0.00      0.00      0.00      0.00    100.00
01:01:47 AM      36      0.00      0.00      0.00      0.00      0.00    100.00
01:01:47 AM      37      0.00      0.00      0.00      0.00      0.00    100.00
01:01:47 AM      38      0.00      0.00      0.00      0.00      0.00    100.00
01:01:47 AM      39      0.00      0.00      0.00      0.00      0.00    100.00
01:01:47 AM      40      0.00      0.00      0.00      0.00      0.00    100.00
01:01:47 AM      41      0.00      0.00      0.00      0.00      0.00    100.00
01:01:47 AM      42      0.00      0.00      0.00      0.00      0.00    100.00
01:01:47 AM      43      0.00      0.00      0.00      0.00      0.00    100.00
01:01:47 AM      44      0.00      0.00      0.00      0.00      0.00    100.00
01:01:47 AM      45      0.00      0.00      0.00      0.00      0.00    100.00
01:01:47 AM      46      0.00      0.00      0.00      0.00      0.00    100.00
01:01:47 AM      47      0.00      0.00      0.00      0.00      0.00    100.00

01:01:47 AM     CPU     %user     %nice   %system   %iowait    %steal     %idle
01:01:48 AM     all      0.00      0.00      0.00      0.00      0.00    100.00
01:01:48 AM       0      0.00      0.00      0.00      0.00      0.00    100.00
01:01:48 AM       1      0.00      0.00      1.00      0.00      0.00     99.00
01:01:48 AM       2      0.00      0.00      0.00      0.00      0.00    100.00
01:01:48 AM       3      0.00      0.00      0.00      0.00      0.00    100.00
01:01:48 AM       4      0.00      0.00      0.00      0.00      0.00    100.00
01:01:48 AM       5      0.00      0.00      0.00      0.00      0.00    100.00
01:01:48 AM       6      0.00      0.00      0.00      0.00      0.00    100.00
01:01:48 AM       7      0.00      0.00      0.00      0.00      0.00    100.00
01:01:48 AM       8      0.00      0.00      0.00      0.00      0.00    100.00
01:01:48 AM       9      0.00      0.00      0.00      0.00      0.00    100.00
01:01:48 AM      10      0.00      0.00      0.00      0.00      0.00    100.00
01:01:48 AM      11      0.00      0.00      0.00      0.00      0.00    100.00
01:01:48 AM      12      0.00      0.00      0.00      0.00      0.00    100.00
01:01:48 AM      13      0.00      0.00      0.00      0.00      0.00    100.00
01:01:48 AM      14      0.00      0.00      0.00      0.00      0.00    100.00
01:01:48 AM      15      0.00      0.00      0.00      0.00      0.00    100.00
01:01:48 AM      16      0.00      0.00      0.00      0.00      0.00    100.00
01:01:48 AM      17      0.00      0.00      0.00      0.00      0.00    100.00
01:01:48 AM      18      0.00      0.00      0.00      0.00      0.00    100.00
01:01:48 AM      19      0.00      0.00      0.00      0.00      0.00    100.00
01:01:48 AM      20      0.00      0.00      0.00      0.00      0.00    100.00
01:01:48 AM      21      0.00      0.00      0.00      0.00      0.00    100.00
01:01:48 AM      22      0.00      0.00      0.00      0.00      0.00    100.00
01:01:48 AM      23      0.00      0.00      0.00      0.00      0.00    100.00
01:01:48 AM      24      0.00      0.00      0.00      0.00      0.00    100.00
01:01:48 AM      25      0.00      0.00      0.99      0.00      0.00     99.01
01:01:48 AM      26      0.00      0.00      0.00      0.00      0.00    100.00
01:01:48 AM      27      0.00      0.00      0.00      0.00      0.00    100.00
01:01:48 AM      28      0.00      0.00      0.00      0.00      0.00    100.00
01:01:48 AM      29      0.00      0.00      0.00      0.00      0.00    100.00
01:01:48 AM      30      0.00      0.00      0.00      0.00      0.00    100.00
01:01:48 AM      31      0.00      0.00      0.00      0.00      0.00    100.00
01:01:48 AM      32      0.00      0.00      0.00      0.00      0.00    100.00
01:01:48 AM      33      0.00      0.00      0.00      0.00      0.00    100.00
01:01:48 AM      34      0.00      0.00      0.00      0.00      0.00    100.00
01:01:48 AM      35      0.00      0.00      0.00      0.00      0.00    100.00
01:01:48 AM      36      0.00      0.00      0.00      0.00      0.00    100.00
01:01:48 AM      37      0.00      0.00      0.00      0.00      0.00    100.00
01:01:48 AM      38      0.00      0.00      0.00      0.00      0.00    100.00
01:01:48 AM      39      0.00      0.00      0.00      0.00      0.00    100.00
01:01:48 AM      40      0.00      0.00      0.00      0.00      0.00    100.00
01:01:48 AM      41      0.00      0.00      0.00      0.00      0.00    100.00
01:01:48 AM      42      0.00      0.00      0.00      0.00      0.00    100.00
01:01:48 AM      43      0.00      0.00      0.00      0.00      0.00    100.00
01:01:48 AM      44      0.00      0.00      0.00      0.00      0.00    100.00
01:01:48 AM      45      0.00      0.00      0.00      0.00      0.00    100.00
01:01:48 AM      46      0.00      0.00      0.00      0.00      0.00    100.00
01:01:48 AM      47      0.00      0.00      0.00      0.00      0.00    100.00

Average:        CPU     %user     %nice   %system   %iowait    %steal     %idle
Average:        all      0.22      0.00      1.25      0.02      0.00     98.52
Average:          0     10.27      0.00     57.57      0.00      0.00     32.15
Average:          1      0.00      0.00      0.07      0.80      0.00     99.13
Average:          2      0.00      0.00      0.07      0.00      0.00     99.93
Average:          3      0.00      0.00      0.00      0.00      0.00    100.00
Average:          4      0.00      0.00      0.00      0.00      0.00    100.00
Average:          5      0.00      0.00      0.00      0.00      0.00    100.00
Average:          6      0.00      0.00      0.00      0.00      0.00    100.00
Average:          7      0.00      0.00      0.00      0.00      0.00    100.00
Average:          8      0.00      0.00      0.94      0.00      0.00     99.06
Average:          9      0.00      0.00      0.00      0.00      0.00    100.00
Average:         10      0.00      0.00      0.00      0.00      0.00    100.00
Average:         11      0.00      0.00      0.00      0.00      0.00    100.00
Average:         12      0.07      0.00      0.00      0.00      0.00     99.93
Average:         13      0.00      0.00      0.00      0.00      0.00    100.00
Average:         14      0.00      0.00      0.00      0.00      0.00    100.00
Average:         15      0.00      0.00      0.00      0.00      0.00    100.00
Average:         16      0.00      0.00      0.00      0.00      0.00    100.00
Average:         17      0.00      0.00      0.00      0.00      0.00    100.00
Average:         18      0.00      0.00      0.00      0.00      0.00    100.00
Average:         19      0.07      0.00      0.07      0.00      0.00     99.87
Average:         20      0.00      0.00      0.00      0.00      0.00    100.00
Average:         21      0.00      0.00      0.00      0.00      0.00    100.00
Average:         22      0.00      0.00      0.00      0.00      0.00    100.00
Average:         23      0.00      0.00      0.00      0.00      0.00    100.00
Average:         24      0.00      0.00      0.00      0.00      0.00    100.00
Average:         25      0.00      0.00      0.73      0.00      0.00     99.27
Average:         26      0.00      0.00      0.00      0.00      0.00    100.00
Average:         27      0.00      0.00      0.00      0.00      0.00    100.00
Average:         28      0.00      0.00      0.00      0.00      0.00    100.00
Average:         29      0.00      0.00      0.00      0.00      0.00    100.00
Average:         30      0.00      0.00      0.00      0.00      0.00    100.00
Average:         31      0.00      0.00      0.00      0.00      0.00    100.00
Average:         32      0.00      0.00      0.00      0.00      0.00    100.00
Average:         33      0.00      0.00      0.00      0.00      0.00    100.00
Average:         34      0.00      0.00      0.00      0.00      0.00    100.00
Average:         35      0.00      0.00      0.07      0.00      0.00     99.93
Average:         36      0.00      0.00      0.00      0.00      0.00    100.00
Average:         37      0.00      0.00      0.07      0.00      0.00     99.93
Average:         38      0.00      0.00      0.00      0.00      0.00    100.00
Average:         39      0.00      0.00      0.00      0.00      0.00    100.00
Average:         40      0.00      0.00      0.00      0.00      0.00    100.00
Average:         41      0.00      0.00      0.07      0.00      0.00     99.93
Average:         42      0.00      0.00      0.00      0.00      0.00    100.00
Average:         43      0.00      0.00      0.00      0.00      0.00    100.00
Average:         44      0.07      0.00      0.20      0.00      0.00     99.73
Average:         45      0.00      0.00      0.00      0.00      0.00    100.00
Average:         46      0.00      0.00      0.00      0.00      0.00    100.00
Average:         47      0.00      0.00      0.00      0.00      0.00    100.00
