Linux 3.10.0-514.el7.x86_64 (localhost.localdomain) 	02/19/2020 	_x86_64_	(48 CPU)

01:19:27 AM     CPU     %user     %nice   %system   %iowait    %steal     %idle
01:19:28 AM     all      0.00      0.00      0.02      0.00      0.00     99.98
01:19:28 AM       0      0.00      0.00      0.00      0.00      0.00    100.00
01:19:28 AM       1      0.00      0.00      0.00      0.00      0.00    100.00
01:19:28 AM       2      0.00      0.00      0.00      0.00      0.00    100.00
01:19:28 AM       3      0.00      0.00      0.00      0.00      0.00    100.00
01:19:28 AM       4      0.00      0.00      0.00      0.00      0.00    100.00
01:19:28 AM       5      0.00      0.00      0.00      0.00      0.00    100.00
01:19:28 AM       6      0.00      0.00      0.00      0.00      0.00    100.00
01:19:28 AM       7      0.00      0.00      0.00      0.00      0.00    100.00
01:19:28 AM       8      0.00      0.00      0.00      0.00      0.00    100.00
01:19:28 AM       9      0.00      0.00      0.00      0.00      0.00    100.00
01:19:28 AM      10      0.00      0.00      0.00      0.00      0.00    100.00
01:19:28 AM      11      0.00      0.00      0.00      0.00      0.00    100.00
01:19:28 AM      12      0.00      0.00      0.00      0.00      0.00    100.00
01:19:28 AM      13      0.00      0.00      0.00      0.00      0.00    100.00
01:19:28 AM      14      0.00      0.00      0.00      0.00      0.00    100.00
01:19:28 AM      15      0.00      0.00      0.00      0.00      0.00    100.00
01:19:28 AM      16      0.00      0.00      0.00      0.00      0.00    100.00
01:19:28 AM      17      0.00      0.00      0.00      0.00      0.00    100.00
01:19:28 AM      18      0.00      0.00      0.00      0.00      0.00    100.00
01:19:28 AM      19      0.00      0.00      0.00      0.00      0.00    100.00
01:19:28 AM      20      0.00      0.00      0.00      0.00      0.00    100.00
01:19:28 AM      21      0.00      0.00      0.00      0.00      0.00    100.00
01:19:28 AM      22      0.00      0.00      0.00      0.00      0.00    100.00
01:19:28 AM      23      0.00      0.00      0.00      0.00      0.00    100.00
01:19:28 AM      24      0.00      0.00      0.00      0.00      0.00    100.00
01:19:28 AM      25      0.00      0.00      0.00      0.00      0.00    100.00
01:19:28 AM      26      0.00      0.00      0.00      0.00      0.00    100.00
01:19:28 AM      27      0.00      0.00      0.00      0.00      0.00    100.00
01:19:28 AM      28      0.00      0.00      0.00      0.00      0.00    100.00
01:19:28 AM      29      0.00      0.00      0.00      0.00      0.00    100.00
01:19:28 AM      30      0.00      0.00      0.00      0.00      0.00    100.00
01:19:28 AM      31      0.00      0.00      0.00      0.00      0.00    100.00
01:19:28 AM      32      0.00      0.00      0.00      0.00      0.00    100.00
01:19:28 AM      33      0.00      0.00      0.00      0.00      0.00    100.00
01:19:28 AM      34      0.00      0.00      0.00      0.00      0.00    100.00
01:19:28 AM      35      0.00      0.00      0.00      0.00      0.00    100.00
01:19:28 AM      36      0.00      0.00      0.00      0.00      0.00    100.00
01:19:28 AM      37      0.00      0.00      0.00      0.00      0.00    100.00
01:19:28 AM      38      0.00      0.00      0.00      0.00      0.00    100.00
01:19:28 AM      39      0.00      0.00      0.00      0.00      0.00    100.00
01:19:28 AM      40      0.00      0.00      0.00      0.00      0.00    100.00
01:19:28 AM      41      0.00      0.00      0.00      0.00      0.00    100.00
01:19:28 AM      42      0.00      0.00      0.00      0.00      0.00    100.00
01:19:28 AM      43      0.00      0.00      0.00      0.00      0.00    100.00
01:19:28 AM      44      0.00      0.00      0.00      0.00      0.00    100.00
01:19:28 AM      45      0.00      0.00      0.00      0.00      0.00    100.00
01:19:28 AM      46      0.00      0.00      0.00      0.00      0.00    100.00
01:19:28 AM      47      0.00      0.00      0.00      0.00      0.00    100.00

01:19:28 AM     CPU     %user     %nice   %system   %iowait    %steal     %idle
01:19:29 AM     all      0.00      0.00      0.02      0.00      0.00     99.98
01:19:29 AM       0      0.00      0.00      0.00      0.00      0.00    100.00
01:19:29 AM       1      0.00      0.00      0.00      0.00      0.00    100.00
01:19:29 AM       2      0.00      0.00      0.00      0.00      0.00    100.00
01:19:29 AM       3      0.00      0.00      0.00      0.00      0.00    100.00
01:19:29 AM       4      0.00      0.00      0.00      0.00      0.00    100.00
01:19:29 AM       5      0.00      0.00      0.00      0.00      0.00    100.00
01:19:29 AM       6      0.00      0.00      0.00      0.00      0.00    100.00
01:19:29 AM       7      0.00      0.00      0.00      0.00      0.00    100.00
01:19:29 AM       8      0.00      0.00      0.00      0.00      0.00    100.00
01:19:29 AM       9      0.00      0.00      0.00      0.00      0.00    100.00
01:19:29 AM      10      0.00      0.00      0.00      0.00      0.00    100.00
01:19:29 AM      11      0.00      0.00      0.00      0.00      0.00    100.00
01:19:29 AM      12      0.00      0.00      0.00      0.00      0.00    100.00
01:19:29 AM      13      0.00      0.00      0.00      0.00      0.00    100.00
01:19:29 AM      14      0.00      0.00      0.00      0.00      0.00    100.00
01:19:29 AM      15      0.00      0.00      0.00      0.00      0.00    100.00
01:19:29 AM      16      0.00      0.00      0.00      0.00      0.00    100.00
01:19:29 AM      17      0.00      0.00      0.00      0.00      0.00    100.00
01:19:29 AM      18      0.00      0.00      0.00      0.00      0.00    100.00
01:19:29 AM      19      0.00      0.00      0.00      0.00      0.00    100.00
01:19:29 AM      20      0.00      0.00      0.00      0.00      0.00    100.00
01:19:29 AM      21      0.00      0.00      0.00      0.00      0.00    100.00
01:19:29 AM      22      0.00      0.00      0.00      0.00      0.00    100.00
01:19:29 AM      23      0.00      0.00      0.00      0.00      0.00    100.00
01:19:29 AM      24      0.00      0.00      0.00      0.00      0.00    100.00
01:19:29 AM      25      0.00      0.00      1.00      0.00      0.00     99.00
01:19:29 AM      26      0.00      0.00      0.00      0.00      0.00    100.00
01:19:29 AM      27      0.00      0.00      0.00      0.00      0.00    100.00
01:19:29 AM      28      0.00      0.00      0.00      0.00      0.00    100.00
01:19:29 AM      29      0.00      0.00      0.00      0.00      0.00    100.00
01:19:29 AM      30      0.00      0.00      0.00      0.00      0.00    100.00
01:19:29 AM      31      0.00      0.00      0.00      0.00      0.00    100.00
01:19:29 AM      32      0.00      0.00      0.00      0.00      0.00    100.00
01:19:29 AM      33      0.00      0.00      0.00      0.00      0.00    100.00
01:19:29 AM      34      0.00      0.00      0.00      0.00      0.00    100.00
01:19:29 AM      35      0.00      0.00      0.00      0.00      0.00    100.00
01:19:29 AM      36      0.00      0.00      0.00      0.00      0.00    100.00
01:19:29 AM      37      0.00      0.00      0.00      0.00      0.00    100.00
01:19:29 AM      38      0.00      0.00      0.00      0.00      0.00    100.00
01:19:29 AM      39      0.00      0.00      0.00      0.00      0.00    100.00
01:19:29 AM      40      0.00      0.00      0.00      0.00      0.00    100.00
01:19:29 AM      41      0.00      0.00      0.00      0.00      0.00    100.00
01:19:29 AM      42      0.00      0.00      0.00      0.00      0.00    100.00
01:19:29 AM      43      0.00      0.00      0.00      0.00      0.00    100.00
01:19:29 AM      44      0.00      0.00      0.00      0.00      0.00    100.00
01:19:29 AM      45      0.00      0.00      0.00      0.00      0.00    100.00
01:19:29 AM      46      0.00      0.00      0.00      0.00      0.00    100.00
01:19:29 AM      47      0.00      0.00      0.00      0.00      0.00    100.00

01:19:29 AM     CPU     %user     %nice   %system   %iowait    %steal     %idle
01:19:30 AM     all      0.00      0.00      0.02      0.00      0.00     99.98
01:19:30 AM       0      0.00      0.00      0.00      0.00      0.00    100.00
01:19:30 AM       1      0.00      0.00      0.00      0.00      0.00    100.00
01:19:30 AM       2      0.00      0.00      0.99      0.00      0.00     99.01
01:19:30 AM       3      0.00      0.00      0.99      0.00      0.00     99.01
01:19:30 AM       4      0.00      0.00      0.00      0.00      0.00    100.00
01:19:30 AM       5      0.00      0.00      0.00      0.00      0.00    100.00
01:19:30 AM       6      0.00      0.00      0.00      0.00      0.00    100.00
01:19:30 AM       7      0.00      0.00      0.00      0.00      0.00    100.00
01:19:30 AM       8      0.00      0.00      0.00      0.00      0.00    100.00
01:19:30 AM       9      0.00      0.00      0.00      0.00      0.00    100.00
01:19:30 AM      10      0.00      0.00      0.00      0.00      0.00    100.00
01:19:30 AM      11      0.00      0.00      0.00      0.00      0.00    100.00
01:19:30 AM      12      0.00      0.00      0.00      0.00      0.00    100.00
01:19:30 AM      13      0.00      0.00      0.00      0.00      0.00    100.00
01:19:30 AM      14      0.00      0.00      0.00      0.00      0.00    100.00
01:19:30 AM      15      0.00      0.00      0.00      0.00      0.00    100.00
01:19:30 AM      16      0.00      0.00      0.00      0.00      0.00    100.00
01:19:30 AM      17      0.00      0.00      0.00      0.00      0.00    100.00
01:19:30 AM      18      0.00      0.00      0.00      0.00      0.00    100.00
01:19:30 AM      19      0.00      0.00      0.00      0.00      0.00    100.00
01:19:30 AM      20      0.00      0.00      0.00      0.00      0.00    100.00
01:19:30 AM      21      0.00      0.00      0.00      0.00      0.00    100.00
01:19:30 AM      22      0.00      0.00      0.00      0.00      0.00    100.00
01:19:30 AM      23      0.00      0.00      0.00      0.00      0.00    100.00
01:19:30 AM      24      0.00      0.00      0.00      0.00      0.00    100.00
01:19:30 AM      25      0.00      0.00      1.00      0.00      0.00     99.00
01:19:30 AM      26      0.00      0.00      0.00      0.00      0.00    100.00
01:19:30 AM      27      0.00      0.00      0.00      0.00      0.00    100.00
01:19:30 AM      28      0.00      0.00      0.00      0.00      0.00    100.00
01:19:30 AM      29      0.00      0.00      0.00      0.00      0.00    100.00
01:19:30 AM      30      0.00      0.00      0.00      0.00      0.00    100.00
01:19:30 AM      31      0.00      0.00      0.00      0.00      0.00    100.00
01:19:30 AM      32      0.00      0.00      0.00      0.00      0.00    100.00
01:19:30 AM      33      0.00      0.00      0.00      0.00      0.00    100.00
01:19:30 AM      34      0.00      0.00      0.00      0.00      0.00    100.00
01:19:30 AM      35      0.00      0.00      0.00      0.00      0.00    100.00
01:19:30 AM      36      0.00      0.00      0.00      0.00      0.00    100.00
01:19:30 AM      37      0.00      0.00      0.00      0.00      0.00    100.00
01:19:30 AM      38      0.00      0.00      0.00      0.00      0.00    100.00
01:19:30 AM      39      0.00      0.00      0.00      0.00      0.00    100.00
01:19:30 AM      40      0.00      0.00      0.00      0.00      0.00    100.00
01:19:30 AM      41      0.00      0.00      0.00      0.00      0.00    100.00
01:19:30 AM      42      0.00      0.00      0.00      0.00      0.00    100.00
01:19:30 AM      43      0.00      0.00      0.00      0.00      0.00    100.00
01:19:30 AM      44      0.00      0.00      0.00      0.00      0.00    100.00
01:19:30 AM      45      0.00      0.00      0.00      0.00      0.00    100.00
01:19:30 AM      46      0.00      0.00      0.00      0.00      0.00    100.00
01:19:30 AM      47      0.00      0.00      0.00      0.00      0.00    100.00

01:19:30 AM     CPU     %user     %nice   %system   %iowait    %steal     %idle
01:19:31 AM     all      0.15      0.00      0.82      0.00      0.00     99.04
01:19:31 AM       0      7.29      0.00     37.50      0.00      0.00     55.21
01:19:31 AM       1      0.00      0.00      1.00      0.00      0.00     99.00
01:19:31 AM       2      0.00      0.00      0.00      0.00      0.00    100.00
01:19:31 AM       3      0.00      0.00      0.00      0.00      0.00    100.00
01:19:31 AM       4      0.00      0.00      0.00      0.00      0.00    100.00
01:19:31 AM       5      0.00      0.00      0.00      0.00      0.00    100.00
01:19:31 AM       6      0.00      0.00      0.00      0.00      0.00    100.00
01:19:31 AM       7      0.00      0.00      0.00      0.00      0.00    100.00
01:19:31 AM       8      0.00      0.00      0.00      0.00      0.00    100.00
01:19:31 AM       9      0.00      0.00      0.00      0.00      0.00    100.00
01:19:31 AM      10      0.00      0.00      0.00      0.00      0.00    100.00
01:19:31 AM      11      0.00      0.00      0.00      0.00      0.00    100.00
01:19:31 AM      12      0.00      0.00      0.00      0.00      0.00    100.00
01:19:31 AM      13      0.00      0.00      0.00      0.00      0.00    100.00
01:19:31 AM      14      0.00      0.00      0.00      0.00      0.00    100.00
01:19:31 AM      15      0.00      0.00      0.00      0.00      0.00    100.00
01:19:31 AM      16      0.00      0.00      0.00      0.00      0.00    100.00
01:19:31 AM      17      0.00      0.00      0.00      0.00      0.00    100.00
01:19:31 AM      18      0.00      0.00      0.00      0.00      0.00    100.00
01:19:31 AM      19      0.00      0.00      0.00      0.00      0.00    100.00
01:19:31 AM      20      0.00      0.00      0.00      0.00      0.00    100.00
01:19:31 AM      21      0.00      0.00      0.00      0.00      0.00    100.00
01:19:31 AM      22      0.00      0.00      0.00      0.00      0.00    100.00
01:19:31 AM      23      0.00      0.00      0.00      0.00      0.00    100.00
01:19:31 AM      24      0.00      0.00      0.00      0.00      0.00    100.00
01:19:31 AM      25      0.00      0.00      1.00      0.00      0.00     99.00
01:19:31 AM      26      0.00      0.00      0.00      0.00      0.00    100.00
01:19:31 AM      27      0.00      0.00      0.00      0.00      0.00    100.00
01:19:31 AM      28      0.00      0.00      0.00      0.00      0.00    100.00
01:19:31 AM      29      0.00      0.00      0.00      0.00      0.00    100.00
01:19:31 AM      30      0.00      0.00      0.00      0.00      0.00    100.00
01:19:31 AM      31      0.00      0.00      0.00      0.00      0.00    100.00
01:19:31 AM      32      0.00      0.00      0.00      0.00      0.00    100.00
01:19:31 AM      33      0.00      0.00      0.00      0.00      0.00    100.00
01:19:31 AM      34      0.00      0.00      0.00      0.00      0.00    100.00
01:19:31 AM      35      0.00      0.00      0.00      0.00      0.00    100.00
01:19:31 AM      36      0.00      0.00      0.00      0.00      0.00    100.00
01:19:31 AM      37      0.00      0.00      0.00      0.00      0.00    100.00
01:19:31 AM      38      0.00      0.00      0.00      0.00      0.00    100.00
01:19:31 AM      39      0.00      0.00      0.00      0.00      0.00    100.00
01:19:31 AM      40      0.00      0.00      0.00      0.00      0.00    100.00
01:19:31 AM      41      0.00      0.00      0.00      0.00      0.00    100.00
01:19:31 AM      42      0.00      0.00      0.00      0.00      0.00    100.00
01:19:31 AM      43      0.00      0.00      0.00      0.00      0.00    100.00
01:19:31 AM      44      0.00      0.00      0.00      0.00      0.00    100.00
01:19:31 AM      45      0.00      0.00      0.00      0.00      0.00    100.00
01:19:31 AM      46      0.00      0.00      0.00      0.00      0.00    100.00
01:19:31 AM      47      0.00      0.00      0.00      0.00      0.00    100.00

01:19:31 AM     CPU     %user     %nice   %system   %iowait    %steal     %idle
01:19:32 AM     all      0.25      0.00      1.31      0.00      0.00     98.44
01:19:32 AM       0     12.77      0.00     64.89      0.00      0.00     22.34
01:19:32 AM       1      0.00      0.00      0.00      0.00      0.00    100.00
01:19:32 AM       2      0.00      0.00      0.00      0.00      0.00    100.00
01:19:32 AM       3      0.00      0.00      0.00      0.00      0.00    100.00
01:19:32 AM       4      0.00      0.00      0.00      0.00      0.00    100.00
01:19:32 AM       5      0.00      0.00      0.00      0.00      0.00    100.00
01:19:32 AM       6      0.00      0.00      0.00      0.00      0.00    100.00
01:19:32 AM       7      0.00      0.00      0.00      0.00      0.00    100.00
01:19:32 AM       8      0.00      0.00      0.00      0.00      0.00    100.00
01:19:32 AM       9      0.00      0.00      0.00      0.00      0.00    100.00
01:19:32 AM      10      0.00      0.00      0.00      0.00      0.00    100.00
01:19:32 AM      11      0.00      0.00      0.00      0.00      0.00    100.00
01:19:32 AM      12      0.00      0.00      0.00      0.00      0.00    100.00
01:19:32 AM      13      0.00      0.00      0.00      0.00      0.00    100.00
01:19:32 AM      14      0.00      0.00      0.00      0.00      0.00    100.00
01:19:32 AM      15      0.00      0.00      0.00      0.00      0.00    100.00
01:19:32 AM      16      0.00      0.00      0.00      0.00      0.00    100.00
01:19:32 AM      17      0.00      0.00      0.00      0.00      0.00    100.00
01:19:32 AM      18      0.00      0.00      0.00      0.00      0.00    100.00
01:19:32 AM      19      0.00      0.00      0.00      0.00      0.00    100.00
01:19:32 AM      20      0.00      0.00      0.00      0.00      0.00    100.00
01:19:32 AM      21      0.00      0.00      0.00      0.00      0.00    100.00
01:19:32 AM      22      0.00      0.00      0.00      0.00      0.00    100.00
01:19:32 AM      23      0.00      0.00      0.00      0.00      0.00    100.00
01:19:32 AM      24      0.00      0.00      0.00      0.00      0.00    100.00
01:19:32 AM      25      0.00      0.00      1.00      0.00      0.00     99.00
01:19:32 AM      26      0.00      0.00      0.00      0.00      0.00    100.00
01:19:32 AM      27      0.00      0.00      0.00      0.00      0.00    100.00
01:19:32 AM      28      0.00      0.00      0.00      0.00      0.00    100.00
01:19:32 AM      29      0.00      0.00      0.00      0.00      0.00    100.00
01:19:32 AM      30      0.00      0.00      0.00      0.00      0.00    100.00
01:19:32 AM      31      0.00      0.00      0.00      0.00      0.00    100.00
01:19:32 AM      32      0.00      0.00      0.00      0.00      0.00    100.00
01:19:32 AM      33      0.00      0.00      0.00      0.00      0.00    100.00
01:19:32 AM      34      0.00      0.00      0.00      0.00      0.00    100.00
01:19:32 AM      35      0.00      0.00      0.00      0.00      0.00    100.00
01:19:32 AM      36      0.00      0.00      0.00      0.00      0.00    100.00
01:19:32 AM      37      0.00      0.00      0.00      0.00      0.00    100.00
01:19:32 AM      38      0.00      0.00      0.00      0.00      0.00    100.00
01:19:32 AM      39      0.00      0.00      0.00      0.00      0.00    100.00
01:19:32 AM      40      0.00      0.00      0.00      0.00      0.00    100.00
01:19:32 AM      41      0.00      0.00      0.00      0.00      0.00    100.00
01:19:32 AM      42      0.00      0.00      0.00      0.00      0.00    100.00
01:19:32 AM      43      0.00      0.00      0.00      0.00      0.00    100.00
01:19:32 AM      44      0.00      0.00      0.00      0.00      0.00    100.00
01:19:32 AM      45      0.00      0.00      0.00      0.00      0.00    100.00
01:19:32 AM      46      0.00      0.00      0.00      0.00      0.00    100.00
01:19:32 AM      47      0.00      0.00      0.00      0.00      0.00    100.00

01:19:32 AM     CPU     %user     %nice   %system   %iowait    %steal     %idle
01:19:33 AM     all      0.27      0.00      1.27      0.06      0.00     98.40
01:19:33 AM       0     13.83      0.00     62.77      0.00      0.00     23.40
01:19:33 AM       1      0.00      0.00      0.00      0.00      0.00    100.00
01:19:33 AM       2      0.00      0.00      0.00      0.00      0.00    100.00
01:19:33 AM       3      0.00      0.00      0.00      0.00      0.00    100.00
01:19:33 AM       4      0.00      0.00      0.00      0.00      0.00    100.00
01:19:33 AM       5      0.00      0.00      0.00      0.00      0.00    100.00
01:19:33 AM       6      0.00      0.00      0.00      0.00      0.00    100.00
01:19:33 AM       7      0.00      0.00      0.00      4.00      0.00     96.00
01:19:33 AM       8      0.00      0.00      0.00      0.00      0.00    100.00
01:19:33 AM       9      0.00      0.00      0.00      0.00      0.00    100.00
01:19:33 AM      10      0.00      0.00      0.00      0.00      0.00    100.00
01:19:33 AM      11      0.00      0.00      0.00      0.00      0.00    100.00
01:19:33 AM      12      0.00      0.00      0.00      0.00      0.00    100.00
01:19:33 AM      13      0.00      0.00      0.00      0.00      0.00    100.00
01:19:33 AM      14      0.00      0.00      0.00      0.00      0.00    100.00
01:19:33 AM      15      0.00      0.00      0.00      0.00      0.00    100.00
01:19:33 AM      16      0.00      0.00      0.00      0.00      0.00    100.00
01:19:33 AM      17      0.00      0.00      0.00      0.00      0.00    100.00
01:19:33 AM      18      0.00      0.00      0.00      0.00      0.00    100.00
01:19:33 AM      19      0.00      0.00      0.00      0.00      0.00    100.00
01:19:33 AM      20      0.00      0.00      0.00      0.00      0.00    100.00
01:19:33 AM      21      0.00      0.00      0.00      0.00      0.00    100.00
01:19:33 AM      22      0.00      0.00      0.00      0.00      0.00    100.00
01:19:33 AM      23      0.00      0.00      0.00      0.00      0.00    100.00
01:19:33 AM      24      0.00      0.00      0.00      0.00      0.00    100.00
01:19:33 AM      25      0.00      0.00      0.99      0.00      0.00     99.01
01:19:33 AM      26      0.00      0.00      0.00      0.00      0.00    100.00
01:19:33 AM      27      0.00      0.00      0.00      0.00      0.00    100.00
01:19:33 AM      28      0.00      0.00      0.00      0.00      0.00    100.00
01:19:33 AM      29      0.00      0.00      0.00      0.00      0.00    100.00
01:19:33 AM      30      0.00      0.00      0.00      0.00      0.00    100.00
01:19:33 AM      31      0.00      0.00      0.00      0.00      0.00    100.00
01:19:33 AM      32      0.00      0.00      0.00      0.00      0.00    100.00
01:19:33 AM      33      0.00      0.00      0.00      0.00      0.00    100.00
01:19:33 AM      34      0.00      0.00      0.00      0.00      0.00    100.00
01:19:33 AM      35      0.00      0.00      0.00      0.00      0.00    100.00
01:19:33 AM      36      0.00      0.00      0.00      0.00      0.00    100.00
01:19:33 AM      37      0.00      0.00      0.00      0.00      0.00    100.00
01:19:33 AM      38      0.00      0.00      0.00      0.00      0.00    100.00
01:19:33 AM      39      0.00      0.00      0.00      0.00      0.00    100.00
01:19:33 AM      40      0.00      0.00      0.00      0.00      0.00    100.00
01:19:33 AM      41      0.00      0.00      0.00      0.00      0.00    100.00
01:19:33 AM      42      0.00      0.00      0.00      0.00      0.00    100.00
01:19:33 AM      43      0.00      0.00      0.00      0.00      0.00    100.00
01:19:33 AM      44      0.00      0.00      0.00      0.00      0.00    100.00
01:19:33 AM      45      0.00      0.00      0.00      0.00      0.00    100.00
01:19:33 AM      46      0.00      0.00      0.00      0.00      0.00    100.00
01:19:33 AM      47      0.00      0.00      0.00      0.00      0.00    100.00

01:19:33 AM     CPU     %user     %nice   %system   %iowait    %steal     %idle
01:19:34 AM     all      0.34      0.00      1.29      0.00      0.00     98.38
01:19:34 AM       0     15.62      0.00     61.46      0.00      0.00     22.92
01:19:34 AM       1      0.00      0.00      0.00      0.00      0.00    100.00
01:19:34 AM       2      0.00      0.00      0.00      0.00      0.00    100.00
01:19:34 AM       3      0.00      0.00      0.00      0.00      0.00    100.00
01:19:34 AM       4      0.00      0.00      0.00      0.00      0.00    100.00
01:19:34 AM       5      0.00      0.00      0.00      0.00      0.00    100.00
01:19:34 AM       6      0.00      0.00      0.00      0.00      0.00    100.00
01:19:34 AM       7      0.00      0.00      0.00      0.00      0.00    100.00
01:19:34 AM       8      0.00      0.00      0.00      0.00      0.00    100.00
01:19:34 AM       9      0.00      0.00      0.00      0.00      0.00    100.00
01:19:34 AM      10      0.00      0.00      0.00      0.00      0.00    100.00
01:19:34 AM      11      0.00      0.00      0.00      0.00      0.00    100.00
01:19:34 AM      12      0.00      0.00      0.00      0.00      0.00    100.00
01:19:34 AM      13      0.00      0.00      0.00      0.00      0.00    100.00
01:19:34 AM      14      0.00      0.00      0.00      0.00      0.00    100.00
01:19:34 AM      15      0.00      0.00      0.00      0.00      0.00    100.00
01:19:34 AM      16      0.00      0.00      0.00      0.00      0.00    100.00
01:19:34 AM      17      0.00      0.00      0.00      0.00      0.00    100.00
01:19:34 AM      18      0.00      0.00      0.00      0.00      0.00    100.00
01:19:34 AM      19      0.00      0.00      1.00      0.00      0.00     99.00
01:19:34 AM      20      0.00      0.00      0.00      0.00      0.00    100.00
01:19:34 AM      21      0.00      0.00      0.00      0.00      0.00    100.00
01:19:34 AM      22      0.00      0.00      0.00      0.00      0.00    100.00
01:19:34 AM      23      0.00      0.00      0.00      0.00      0.00    100.00
01:19:34 AM      24      0.00      0.00      0.00      0.00      0.00    100.00
01:19:34 AM      25      0.00      0.00      0.00      0.00      0.00    100.00
01:19:34 AM      26      0.00      0.00      0.00      0.00      0.00    100.00
01:19:34 AM      27      0.00      0.00      0.00      0.00      0.00    100.00
01:19:34 AM      28      0.00      0.00      0.00      0.00      0.00    100.00
01:19:34 AM      29      0.00      0.00      0.00      0.00      0.00    100.00
01:19:34 AM      30      0.00      0.00      0.00      0.00      0.00    100.00
01:19:34 AM      31      0.00      0.00      0.00      0.00      0.00    100.00
01:19:34 AM      32      0.00      0.00      0.00      0.00      0.00    100.00
01:19:34 AM      33      0.00      0.00      0.00      0.00      0.00    100.00
01:19:34 AM      34      0.00      0.00      0.00      0.00      0.00    100.00
01:19:34 AM      35      0.00      0.00      0.00      0.00      0.00    100.00
01:19:34 AM      36      0.00      0.00      0.00      0.00      0.00    100.00
01:19:34 AM      37      0.00      0.00      0.00      0.00      0.00    100.00
01:19:34 AM      38      0.00      0.00      0.00      0.00      0.00    100.00
01:19:34 AM      39      0.00      0.00      0.00      0.00      0.00    100.00
01:19:34 AM      40      0.00      0.00      0.00      0.00      0.00    100.00
01:19:34 AM      41      0.00      0.00      0.00      0.00      0.00    100.00
01:19:34 AM      42      0.00      0.00      0.00      0.00      0.00    100.00
01:19:34 AM      43      0.00      0.00      0.00      0.00      0.00    100.00
01:19:34 AM      44      0.00      0.00      0.00      0.00      0.00    100.00
01:19:34 AM      45      0.00      0.00      0.00      0.00      0.00    100.00
01:19:34 AM      46      0.00      0.00      0.00      0.00      0.00    100.00
01:19:34 AM      47      0.00      0.00      0.00      0.00      0.00    100.00

01:19:34 AM     CPU     %user     %nice   %system   %iowait    %steal     %idle
01:19:35 AM     all      0.27      0.00      1.33      0.00      0.00     98.40
01:19:35 AM       0     13.40      0.00     63.92      0.00      0.00     22.68
01:19:35 AM       1      0.00      0.00      0.00      0.00      0.00    100.00
01:19:35 AM       2      0.00      0.00      0.00      0.00      0.00    100.00
01:19:35 AM       3      0.00      0.00      0.00      0.00      0.00    100.00
01:19:35 AM       4      0.00      0.00      0.00      0.00      0.00    100.00
01:19:35 AM       5      0.00      0.00      0.00      0.00      0.00    100.00
01:19:35 AM       6      0.00      0.00      0.00      0.00      0.00    100.00
01:19:35 AM       7      0.00      0.00      0.00      0.00      0.00    100.00
01:19:35 AM       8      0.00      0.00      0.00      0.00      0.00    100.00
01:19:35 AM       9      0.00      0.00      0.00      0.00      0.00    100.00
01:19:35 AM      10      0.00      0.00      0.00      0.00      0.00    100.00
01:19:35 AM      11      0.00      0.00      0.00      0.00      0.00    100.00
01:19:35 AM      12      0.00      0.00      0.00      0.00      0.00    100.00
01:19:35 AM      13      0.00      0.00      0.00      0.00      0.00    100.00
01:19:35 AM      14      0.00      0.00      0.00      0.00      0.00    100.00
01:19:35 AM      15      0.00      0.00      0.00      0.00      0.00    100.00
01:19:35 AM      16      0.00      0.00      0.00      0.00      0.00    100.00
01:19:35 AM      17      0.00      0.00      0.00      0.00      0.00    100.00
01:19:35 AM      18      0.00      0.00      0.00      0.00      0.00    100.00
01:19:35 AM      19      0.00      0.00      0.00      0.00      0.00    100.00
01:19:35 AM      20      0.00      0.00      0.00      0.00      0.00    100.00
01:19:35 AM      21      0.00      0.00      0.00      0.00      0.00    100.00
01:19:35 AM      22      0.00      0.00      0.00      0.00      0.00    100.00
01:19:35 AM      23      0.00      0.00      0.00      0.00      0.00    100.00
01:19:35 AM      24      0.00      0.00      0.00      0.00      0.00    100.00
01:19:35 AM      25      0.00      0.00      1.00      0.00      0.00     99.00
01:19:35 AM      26      0.00      0.00      0.00      0.00      0.00    100.00
01:19:35 AM      27      0.00      0.00      0.00      0.00      0.00    100.00
01:19:35 AM      28      0.00      0.00      0.00      0.00      0.00    100.00
01:19:35 AM      29      0.00      0.00      0.00      0.00      0.00    100.00
01:19:35 AM      30      0.00      0.00      0.00      0.00      0.00    100.00
01:19:35 AM      31      0.00      0.00      0.00      0.00      0.00    100.00
01:19:35 AM      32      0.00      0.00      0.00      0.00      0.00    100.00
01:19:35 AM      33      0.00      0.00      0.00      0.00      0.00    100.00
01:19:35 AM      34      0.00      0.00      0.00      0.00      0.00    100.00
01:19:35 AM      35      0.00      0.00      0.00      0.00      0.00    100.00
01:19:35 AM      36      0.00      0.00      0.00      0.00      0.00    100.00
01:19:35 AM      37      0.00      0.00      0.00      0.00      0.00    100.00
01:19:35 AM      38      0.00      0.00      0.00      0.00      0.00    100.00
01:19:35 AM      39      0.00      0.00      0.00      0.00      0.00    100.00
01:19:35 AM      40      0.00      0.00      0.00      0.00      0.00    100.00
01:19:35 AM      41      0.00      0.00      0.00      0.00      0.00    100.00
01:19:35 AM      42      0.00      0.00      0.00      0.00      0.00    100.00
01:19:35 AM      43      0.00      0.00      0.00      0.00      0.00    100.00
01:19:35 AM      44      0.00      0.00      0.00      0.00      0.00    100.00
01:19:35 AM      45      0.00      0.00      0.00      0.00      0.00    100.00
01:19:35 AM      46      0.00      0.00      0.00      0.00      0.00    100.00
01:19:35 AM      47      0.00      0.00      0.00      0.00      0.00    100.00

01:19:35 AM     CPU     %user     %nice   %system   %iowait    %steal     %idle
01:19:36 AM     all      0.34      0.00      1.37      0.00      0.00     98.29
01:19:36 AM       0     15.84      0.00     63.37      0.00      0.00     20.79
01:19:36 AM       1      0.00      0.00      0.00      0.00      0.00    100.00
01:19:36 AM       2      0.00      0.00      0.00      0.00      0.00    100.00
01:19:36 AM       3      0.00      0.00      0.00      0.00      0.00    100.00
01:19:36 AM       4      0.00      0.00      0.00      0.00      0.00    100.00
01:19:36 AM       5      0.00      0.00      0.00      0.00      0.00    100.00
01:19:36 AM       6      0.00      0.00      0.00      0.00      0.00    100.00
01:19:36 AM       7      0.00      0.00      0.00      0.00      0.00    100.00
01:19:36 AM       8      0.00      0.00      0.00      0.00      0.00    100.00
01:19:36 AM       9      0.00      0.00      0.00      0.00      0.00    100.00
01:19:36 AM      10      0.00      0.00      0.00      0.00      0.00    100.00
01:19:36 AM      11      0.00      0.00      0.00      0.00      0.00    100.00
01:19:36 AM      12      0.00      0.00      0.00      0.00      0.00    100.00
01:19:36 AM      13      0.00      0.00      0.00      0.00      0.00    100.00
01:19:36 AM      14      0.00      0.00      0.00      0.00      0.00    100.00
01:19:36 AM      15      0.00      0.00      0.00      0.00      0.00    100.00
01:19:36 AM      16      0.00      0.00      0.00      0.00      0.00    100.00
01:19:36 AM      17      0.00      0.00      0.00      0.00      0.00    100.00
01:19:36 AM      18      0.00      0.00      0.00      0.00      0.00    100.00
01:19:36 AM      19      0.00      0.00      0.00      0.00      0.00    100.00
01:19:36 AM      20      0.00      0.00      0.00      0.00      0.00    100.00
01:19:36 AM      21      0.00      0.00      0.00      0.00      0.00    100.00
01:19:36 AM      22      0.00      0.00      0.00      0.00      0.00    100.00
01:19:36 AM      23      0.00      0.00      0.00      0.00      0.00    100.00
01:19:36 AM      24      0.00      0.00      0.00      0.00      0.00    100.00
01:19:36 AM      25      0.00      0.00      1.00      0.00      0.00     99.00
01:19:36 AM      26      0.00      0.00      0.00      0.00      0.00    100.00
01:19:36 AM      27      0.00      0.00      0.00      0.00      0.00    100.00
01:19:36 AM      28      0.00      0.00      0.00      0.00      0.00    100.00
01:19:36 AM      29      0.00      0.00      0.00      0.00      0.00    100.00
01:19:36 AM      30      0.00      0.00      0.00      0.00      0.00    100.00
01:19:36 AM      31      0.00      0.00      0.00      0.00      0.00    100.00
01:19:36 AM      32      0.00      0.00      0.00      0.00      0.00    100.00
01:19:36 AM      33      0.00      0.00      0.00      0.00      0.00    100.00
01:19:36 AM      34      0.00      0.00      0.00      0.00      0.00    100.00
01:19:36 AM      35      0.00      0.00      0.00      0.00      0.00    100.00
01:19:36 AM      36      0.00      0.00      0.00      0.00      0.00    100.00
01:19:36 AM      37      0.00      0.00      0.00      0.00      0.00    100.00
01:19:36 AM      38      0.00      0.00      0.00      0.00      0.00    100.00
01:19:36 AM      39      0.00      0.00      0.00      0.00      0.00    100.00
01:19:36 AM      40      0.00      0.00      0.00      0.00      0.00    100.00
01:19:36 AM      41      0.00      0.00      0.00      0.00      0.00    100.00
01:19:36 AM      42      0.00      0.00      0.00      0.00      0.00    100.00
01:19:36 AM      43      0.00      0.00      0.00      0.00      0.00    100.00
01:19:36 AM      44      0.00      0.00      0.00      0.00      0.00    100.00
01:19:36 AM      45      0.00      0.00      0.00      0.00      0.00    100.00
01:19:36 AM      46      0.00      0.00      0.00      0.00      0.00    100.00
01:19:36 AM      47      0.00      0.00      0.00      0.00      0.00    100.00

01:19:36 AM     CPU     %user     %nice   %system   %iowait    %steal     %idle
01:19:37 AM     all      0.23      0.00      1.37      0.00      0.00     98.40
01:19:37 AM       0     11.34      0.00     65.98      0.00      0.00     22.68
01:19:37 AM       1      0.00      0.00      0.00      0.00      0.00    100.00
01:19:37 AM       2      0.00      0.00      0.00      0.00      0.00    100.00
01:19:37 AM       3      0.00      0.00      0.00      0.00      0.00    100.00
01:19:37 AM       4      0.00      0.00      0.00      0.00      0.00    100.00
01:19:37 AM       5      0.00      0.00      0.00      0.00      0.00    100.00
01:19:37 AM       6      0.00      0.00      0.00      0.00      0.00    100.00
01:19:37 AM       7      0.00      0.00      0.00      0.00      0.00    100.00
01:19:37 AM       8      0.00      0.00      0.00      0.00      0.00    100.00
01:19:37 AM       9      0.00      0.00      0.00      0.00      0.00    100.00
01:19:37 AM      10      0.00      0.00      0.00      0.00      0.00    100.00
01:19:37 AM      11      0.00      0.00      0.00      0.00      0.00    100.00
01:19:37 AM      12      0.00      0.00      0.00      0.00      0.00    100.00
01:19:37 AM      13      0.00      0.00      0.00      0.00      0.00    100.00
01:19:37 AM      14      0.00      0.00      0.00      0.00      0.00    100.00
01:19:37 AM      15      0.00      0.00      0.00      0.00      0.00    100.00
01:19:37 AM      16      0.00      0.00      0.00      0.00      0.00    100.00
01:19:37 AM      17      0.00      0.00      0.00      0.00      0.00    100.00
01:19:37 AM      18      0.00      0.00      0.00      0.00      0.00    100.00
01:19:37 AM      19      0.00      0.00      0.00      0.00      0.00    100.00
01:19:37 AM      20      0.00      0.00      0.00      0.00      0.00    100.00
01:19:37 AM      21      0.00      0.00      0.00      0.00      0.00    100.00
01:19:37 AM      22      0.00      0.00      0.00      0.00      0.00    100.00
01:19:37 AM      23      0.00      0.00      0.00      0.00      0.00    100.00
01:19:37 AM      24      0.00      0.00      0.00      0.00      0.00    100.00
01:19:37 AM      25      0.00      0.00      1.00      0.00      0.00     99.00
01:19:37 AM      26      0.00      0.00      0.00      0.00      0.00    100.00
01:19:37 AM      27      0.00      0.00      0.00      0.00      0.00    100.00
01:19:37 AM      28      0.00      0.00      0.00      0.00      0.00    100.00
01:19:37 AM      29      0.00      0.00      0.00      0.00      0.00    100.00
01:19:37 AM      30      0.00      0.00      0.00      0.00      0.00    100.00
01:19:37 AM      31      0.00      0.00      0.00      0.00      0.00    100.00
01:19:37 AM      32      0.00      0.00      0.00      0.00      0.00    100.00
01:19:37 AM      33      0.00      0.00      0.00      0.00      0.00    100.00
01:19:37 AM      34      0.00      0.00      0.00      0.00      0.00    100.00
01:19:37 AM      35      0.00      0.00      0.00      0.00      0.00    100.00
01:19:37 AM      36      0.00      0.00      0.00      0.00      0.00    100.00
01:19:37 AM      37      0.00      0.00      0.00      0.00      0.00    100.00
01:19:37 AM      38      0.00      0.00      0.00      0.00      0.00    100.00
01:19:37 AM      39      0.00      0.00      0.00      0.00      0.00    100.00
01:19:37 AM      40      0.00      0.00      0.00      0.00      0.00    100.00
01:19:37 AM      41      0.00      0.00      0.00      0.00      0.00    100.00
01:19:37 AM      42      0.00      0.00      0.00      0.00      0.00    100.00
01:19:37 AM      43      0.00      0.00      0.00      0.00      0.00    100.00
01:19:37 AM      44      0.00      0.00      0.00      0.00      0.00    100.00
01:19:37 AM      45      0.00      0.00      0.00      0.00      0.00    100.00
01:19:37 AM      46      0.00      0.00      0.00      0.00      0.00    100.00
01:19:37 AM      47      0.00      0.00      0.00      0.00      0.00    100.00

01:19:37 AM     CPU     %user     %nice   %system   %iowait    %steal     %idle
01:19:38 AM     all      0.36      0.00      1.35      0.08      0.00     98.21
01:19:38 AM       0     16.16      0.00     61.62      0.00      0.00     22.22
01:19:38 AM       1      0.00      0.00      0.00      0.00      0.00    100.00
01:19:38 AM       2      0.00      0.00      0.00      0.00      0.00    100.00
01:19:38 AM       3      0.00      0.00      0.00      0.00      0.00    100.00
01:19:38 AM       4      0.00      0.00      0.00      0.00      0.00    100.00
01:19:38 AM       5      0.00      0.00      0.00      0.00      0.00    100.00
01:19:38 AM       6      0.00      0.00      0.00      0.00      0.00    100.00
01:19:38 AM       7      0.00      0.00      0.00      3.00      0.00     97.00
01:19:38 AM       8      0.00      0.00      2.27      0.00      0.00     97.73
01:19:38 AM       9      0.00      0.00      0.00      0.00      0.00    100.00
01:19:38 AM      10      0.00      0.00      0.00      0.00      0.00    100.00
01:19:38 AM      11      0.00      0.00      0.00      0.00      0.00    100.00
01:19:38 AM      12      0.00      0.00      0.00      0.00      0.00    100.00
01:19:38 AM      13      0.00      0.00      0.00      0.00      0.00    100.00
01:19:38 AM      14      0.00      0.00      0.00      0.00      0.00    100.00
01:19:38 AM      15      0.00      0.00      0.00      0.00      0.00    100.00
01:19:38 AM      16      0.00      0.00      0.00      0.00      0.00    100.00
01:19:38 AM      17      0.00      0.00      0.00      0.00      0.00    100.00
01:19:38 AM      18      0.00      0.00      0.00      0.00      0.00    100.00
01:19:38 AM      19      0.00      0.00      0.00      0.00      0.00    100.00
01:19:38 AM      20      0.00      0.00      0.00      0.00      0.00    100.00
01:19:38 AM      21      0.00      0.00      0.00      0.00      0.00    100.00
01:19:38 AM      22      0.00      0.00      0.00      0.00      0.00    100.00
01:19:38 AM      23      0.00      0.00      0.00      0.00      0.00    100.00
01:19:38 AM      24      0.00      0.00      0.00      0.00      0.00    100.00
01:19:38 AM      25      0.99      0.00      0.99      0.00      0.00     98.02
01:19:38 AM      26      0.00      0.00      0.00      0.00      0.00    100.00
01:19:38 AM      27      0.00      0.00      0.00      0.00      0.00    100.00
01:19:38 AM      28      0.00      0.00      0.00      0.00      0.00    100.00
01:19:38 AM      29      0.00      0.00      0.00      0.00      0.00    100.00
01:19:38 AM      30      0.00      0.00      0.00      0.00      0.00    100.00
01:19:38 AM      31      0.00      0.00      0.00      0.00      0.00    100.00
01:19:38 AM      32      0.00      0.00      0.00      0.00      0.00    100.00
01:19:38 AM      33      0.00      0.00      0.00      0.00      0.00    100.00
01:19:38 AM      34      0.00      0.00      0.00      0.00      0.00    100.00
01:19:38 AM      35      0.00      0.00      0.00      0.00      0.00    100.00
01:19:38 AM      36      0.00      0.00      0.00      0.00      0.00    100.00
01:19:38 AM      37      0.00      0.00      0.00      0.00      0.00    100.00
01:19:38 AM      38      0.00      0.00      2.00      0.00      0.00     98.00
01:19:38 AM      39      0.00      0.00      0.00      0.00      0.00    100.00
01:19:38 AM      40      0.00      0.00      0.00      0.00      0.00    100.00
01:19:38 AM      41      0.00      0.00      0.00      0.00      0.00    100.00
01:19:38 AM      42      0.00      0.00      0.00      0.00      0.00    100.00
01:19:38 AM      43      0.00      0.00      0.00      0.00      0.00    100.00
01:19:38 AM      44      0.00      0.00      0.00      0.00      0.00    100.00
01:19:38 AM      45      0.00      0.00      0.00      0.00      0.00    100.00
01:19:38 AM      46      0.00      0.00      0.00      0.00      0.00    100.00
01:19:38 AM      47      0.00      0.00      0.00      0.00      0.00    100.00

01:19:38 AM     CPU     %user     %nice   %system   %iowait    %steal     %idle
01:19:39 AM     all      0.27      0.00      1.35      0.00      0.00     98.38
01:19:39 AM       0     13.27      0.00     64.29      0.00      0.00     22.45
01:19:39 AM       1      0.00      0.00      0.00      0.00      0.00    100.00
01:19:39 AM       2      0.00      0.00      0.00      0.00      0.00    100.00
01:19:39 AM       3      0.00      0.00      0.00      0.00      0.00    100.00
01:19:39 AM       4      0.00      0.00      0.00      0.00      0.00    100.00
01:19:39 AM       5      0.00      0.00      0.00      0.00      0.00    100.00
01:19:39 AM       6      0.00      0.00      0.00      0.00      0.00    100.00
01:19:39 AM       7      0.00      0.00      0.00      0.00      0.00    100.00
01:19:39 AM       8      0.00      0.00      0.00      0.00      0.00    100.00
01:19:39 AM       9      0.00      0.00      0.00      0.00      0.00    100.00
01:19:39 AM      10      0.00      0.00      0.00      0.00      0.00    100.00
01:19:39 AM      11      0.00      0.00      0.00      0.00      0.00    100.00
01:19:39 AM      12      0.00      0.00      0.00      0.00      0.00    100.00
01:19:39 AM      13      0.00      0.00      0.00      0.00      0.00    100.00
01:19:39 AM      14      0.00      0.00      0.00      0.00      0.00    100.00
01:19:39 AM      15      0.00      0.00      0.00      0.00      0.00    100.00
01:19:39 AM      16      0.00      0.00      0.00      0.00      0.00    100.00
01:19:39 AM      17      0.00      0.00      0.00      0.00      0.00    100.00
01:19:39 AM      18      0.00      0.00      0.00      0.00      0.00    100.00
01:19:39 AM      19      0.00      0.00      0.00      0.00      0.00    100.00
01:19:39 AM      20      0.00      0.00      0.00      0.00      0.00    100.00
01:19:39 AM      21      0.00      0.00      0.00      0.00      0.00    100.00
01:19:39 AM      22      0.00      0.00      0.00      0.00      0.00    100.00
01:19:39 AM      23      0.00      0.00      0.00      0.00      0.00    100.00
01:19:39 AM      24      0.00      0.00      0.00      0.00      0.00    100.00
01:19:39 AM      25      0.00      0.00      1.00      0.00      0.00     99.00
01:19:39 AM      26      0.00      0.00      0.00      0.00      0.00    100.00
01:19:39 AM      27      0.00      0.00      0.00      0.00      0.00    100.00
01:19:39 AM      28      0.00      0.00      0.00      0.00      0.00    100.00
01:19:39 AM      29      0.00      0.00      0.00      0.00      0.00    100.00
01:19:39 AM      30      0.00      0.00      0.00      0.00      0.00    100.00
01:19:39 AM      31      0.00      0.00      0.00      0.00      0.00    100.00
01:19:39 AM      32      0.00      0.00      0.00      0.00      0.00    100.00
01:19:39 AM      33      0.00      0.00      0.00      0.00      0.00    100.00
01:19:39 AM      34      0.00      0.00      0.00      0.00      0.00    100.00
01:19:39 AM      35      0.00      0.00      0.00      0.00      0.00    100.00
01:19:39 AM      36      0.00      0.00      0.00      0.00      0.00    100.00
01:19:39 AM      37      0.00      0.00      0.00      0.00      0.00    100.00
01:19:39 AM      38      0.00      0.00      0.00      0.00      0.00    100.00
01:19:39 AM      39      0.00      0.00      0.00      0.00      0.00    100.00
01:19:39 AM      40      0.00      0.00      0.00      0.00      0.00    100.00
01:19:39 AM      41      0.00      0.00      0.00      0.00      0.00    100.00
01:19:39 AM      42      0.00      0.00      0.00      0.00      0.00    100.00
01:19:39 AM      43      0.00      0.00      0.00      0.00      0.00    100.00
01:19:39 AM      44      0.00      0.00      0.00      0.00      0.00    100.00
01:19:39 AM      45      0.00      0.00      0.00      0.00      0.00    100.00
01:19:39 AM      46      0.00      0.00      0.00      0.00      0.00    100.00
01:19:39 AM      47      0.00      0.00      0.00      0.00      0.00    100.00

01:19:39 AM     CPU     %user     %nice   %system   %iowait    %steal     %idle
01:19:40 AM     all      0.27      0.00      1.33      0.00      0.00     98.40
01:19:40 AM       0     13.40      0.00     64.95      0.00      0.00     21.65
01:19:40 AM       1      0.00      0.00      0.00      0.00      0.00    100.00
01:19:40 AM       2      0.00      0.00      0.00      0.00      0.00    100.00
01:19:40 AM       3      0.00      0.00      0.00      0.00      0.00    100.00
01:19:40 AM       4      0.00      0.00      0.00      0.00      0.00    100.00
01:19:40 AM       5      0.00      0.00      0.00      0.00      0.00    100.00
01:19:40 AM       6      0.00      0.00      0.00      0.00      0.00    100.00
01:19:40 AM       7      0.00      0.00      0.00      0.00      0.00    100.00
01:19:40 AM       8      0.00      0.00      0.00      0.00      0.00    100.00
01:19:40 AM       9      0.00      0.00      0.00      0.00      0.00    100.00
01:19:40 AM      10      0.00      0.00      0.00      0.00      0.00    100.00
01:19:40 AM      11      0.00      0.00      0.00      0.00      0.00    100.00
01:19:40 AM      12      0.00      0.00      0.00      0.00      0.00    100.00
01:19:40 AM      13      0.00      0.00      0.00      0.00      0.00    100.00
01:19:40 AM      14      0.00      0.00      0.00      0.00      0.00    100.00
01:19:40 AM      15      0.00      0.00      0.00      0.00      0.00    100.00
01:19:40 AM      16      0.00      0.00      0.00      0.00      0.00    100.00
01:19:40 AM      17      0.00      0.00      0.00      0.00      0.00    100.00
01:19:40 AM      18      0.00      0.00      0.00      0.00      0.00    100.00
01:19:40 AM      19      0.00      0.00      0.00      0.00      0.00    100.00
01:19:40 AM      20      0.00      0.00      0.00      0.00      0.00    100.00
01:19:40 AM      21      0.00      0.00      0.00      0.00      0.00    100.00
01:19:40 AM      22      0.00      0.00      0.00      0.00      0.00    100.00
01:19:40 AM      23      0.00      0.00      0.00      0.00      0.00    100.00
01:19:40 AM      24      0.00      0.00      0.00      0.00      0.00    100.00
01:19:40 AM      25      0.00      0.00      0.00      0.00      0.00    100.00
01:19:40 AM      26      0.00      0.00      0.00      0.00      0.00    100.00
01:19:40 AM      27      0.00      0.00      0.00      0.00      0.00    100.00
01:19:40 AM      28      0.00      0.00      0.00      0.00      0.00    100.00
01:19:40 AM      29      0.00      0.00      0.00      0.00      0.00    100.00
01:19:40 AM      30      0.00      0.00      0.00      0.00      0.00    100.00
01:19:40 AM      31      0.00      0.00      0.00      0.00      0.00    100.00
01:19:40 AM      32      0.00      0.00      0.00      0.00      0.00    100.00
01:19:40 AM      33      0.00      0.00      0.00      0.00      0.00    100.00
01:19:40 AM      34      0.00      0.00      0.00      0.00      0.00    100.00
01:19:40 AM      35      0.00      0.00      0.00      0.00      0.00    100.00
01:19:40 AM      36      0.00      0.00      0.00      0.00      0.00    100.00
01:19:40 AM      37      0.00      0.00      0.00      0.00      0.00    100.00
01:19:40 AM      38      0.00      0.00      0.00      0.00      0.00    100.00
01:19:40 AM      39      0.00      0.00      0.00      0.00      0.00    100.00
01:19:40 AM      40      0.00      0.00      0.00      0.00      0.00    100.00
01:19:40 AM      41      0.00      0.00      0.00      0.00      0.00    100.00
01:19:40 AM      42      0.00      0.00      0.00      0.00      0.00    100.00
01:19:40 AM      43      0.00      0.00      0.00      0.00      0.00    100.00
01:19:40 AM      44      0.00      0.00      0.00      0.00      0.00    100.00
01:19:40 AM      45      0.00      0.00      0.00      0.00      0.00    100.00
01:19:40 AM      46      0.00      0.00      0.00      0.00      0.00    100.00
01:19:40 AM      47      0.00      0.00      0.00      0.00      0.00    100.00

01:19:40 AM     CPU     %user     %nice   %system   %iowait    %steal     %idle
01:19:41 AM     all      0.25      0.00      1.33      0.00      0.00     98.42
01:19:41 AM       0     12.63      0.00     64.21      0.00      0.00     23.16
01:19:41 AM       1      0.00      0.00      0.00      0.00      0.00    100.00
01:19:41 AM       2      0.00      0.00      0.00      0.00      0.00    100.00
01:19:41 AM       3      0.00      0.00      0.00      0.00      0.00    100.00
01:19:41 AM       4      0.00      0.00      0.00      0.00      0.00    100.00
01:19:41 AM       5      0.00      0.00      0.00      0.00      0.00    100.00
01:19:41 AM       6      0.00      0.00      0.00      0.00      0.00    100.00
01:19:41 AM       7      0.00      0.00      0.00      0.00      0.00    100.00
01:19:41 AM       8      0.00      0.00      0.00      0.00      0.00    100.00
01:19:41 AM       9      0.00      0.00      0.00      0.00      0.00    100.00
01:19:41 AM      10      0.00      0.00      0.00      0.00      0.00    100.00
01:19:41 AM      11      0.00      0.00      0.00      0.00      0.00    100.00
01:19:41 AM      12      0.00      0.00      1.00      0.00      0.00     99.00
01:19:41 AM      13      0.00      0.00      0.00      0.00      0.00    100.00
01:19:41 AM      14      0.00      0.00      0.00      0.00      0.00    100.00
01:19:41 AM      15      0.00      0.00      0.00      0.00      0.00    100.00
01:19:41 AM      16      0.00      0.00      0.00      0.00      0.00    100.00
01:19:41 AM      17      0.00      0.00      0.00      0.00      0.00    100.00
01:19:41 AM      18      0.00      0.00      0.00      0.00      0.00    100.00
01:19:41 AM      19      0.00      0.00      0.00      0.00      0.00    100.00
01:19:41 AM      20      0.00      0.00      0.00      0.00      0.00    100.00
01:19:41 AM      21      0.00      0.00      0.00      0.00      0.00    100.00
01:19:41 AM      22      0.00      0.00      0.00      0.00      0.00    100.00
01:19:41 AM      23      0.99      0.00      0.00      0.00      0.00     99.01
01:19:41 AM      24      0.00      0.00      0.00      0.00      0.00    100.00
01:19:41 AM      25      0.00      0.00      0.99      0.00      0.00     99.01
01:19:41 AM      26      0.00      0.00      0.00      0.00      0.00    100.00
01:19:41 AM      27      0.00      0.00      0.00      0.00      0.00    100.00
01:19:41 AM      28      0.00      0.00      0.00      0.00      0.00    100.00
01:19:41 AM      29      0.00      0.00      0.00      0.00      0.00    100.00
01:19:41 AM      30      0.00      0.00      0.00      0.00      0.00    100.00
01:19:41 AM      31      0.00      0.00      0.00      0.00      0.00    100.00
01:19:41 AM      32      0.00      0.00      0.00      0.00      0.00    100.00
01:19:41 AM      33      0.00      0.00      0.00      0.00      0.00    100.00
01:19:41 AM      34      0.00      0.00      0.00      0.00      0.00    100.00
01:19:41 AM      35      0.00      0.00      0.00      0.00      0.00    100.00
01:19:41 AM      36      0.00      0.00      0.00      0.00      0.00    100.00
01:19:41 AM      37      0.00      0.00      0.00      0.00      0.00    100.00
01:19:41 AM      38      0.00      0.00      0.00      0.00      0.00    100.00
01:19:41 AM      39      0.00      0.00      0.00      0.00      0.00    100.00
01:19:41 AM      40      0.00      0.00      0.00      0.00      0.00    100.00
01:19:41 AM      41      0.00      0.00      0.00      0.00      0.00    100.00
01:19:41 AM      42      0.00      0.00      0.00      0.00      0.00    100.00
01:19:41 AM      43      0.00      0.00      0.00      0.00      0.00    100.00
01:19:41 AM      44      0.00      0.00      0.00      0.00      0.00    100.00
01:19:41 AM      45      0.00      0.00      0.00      0.00      0.00    100.00
01:19:41 AM      46      0.00      0.00      0.00      0.00      0.00    100.00
01:19:41 AM      47      0.00      0.00      0.00      0.00      0.00    100.00

01:19:41 AM     CPU     %user     %nice   %system   %iowait    %steal     %idle
01:19:42 AM     all      0.10      0.00      0.50      0.00      0.00     99.39
01:19:42 AM       0      5.00      0.00     24.00      0.00      0.00     71.00
01:19:42 AM       1      0.00      0.00      0.00      0.00      0.00    100.00
01:19:42 AM       2      0.99      0.00      0.00      0.00      0.00     99.01
01:19:42 AM       3      0.00      0.00      0.00      0.00      0.00    100.00
01:19:42 AM       4      0.00      0.00      0.00      0.00      0.00    100.00
01:19:42 AM       5      0.00      0.00      0.00      0.00      0.00    100.00
01:19:42 AM       6      0.00      0.00      0.00      0.00      0.00    100.00
01:19:42 AM       7      0.00      0.00      0.00      0.00      0.00    100.00
01:19:42 AM       8      0.00      0.00      0.00      0.00      0.00    100.00
01:19:42 AM       9      0.00      0.00      0.00      0.00      0.00    100.00
01:19:42 AM      10      0.00      0.00      0.00      0.00      0.00    100.00
01:19:42 AM      11      0.00      0.00      0.00      0.00      0.00    100.00
01:19:42 AM      12      0.00      0.00      0.00      0.00      0.00    100.00
01:19:42 AM      13      0.00      0.00      0.00      0.00      0.00    100.00
01:19:42 AM      14      0.00      0.00      0.00      0.00      0.00    100.00
01:19:42 AM      15      0.00      0.00      0.00      0.00      0.00    100.00
01:19:42 AM      16      0.00      0.00      0.00      0.00      0.00    100.00
01:19:42 AM      17      0.00      0.00      0.00      0.00      0.00    100.00
01:19:42 AM      18      0.00      0.00      0.00      0.00      0.00    100.00
01:19:42 AM      19      0.00      0.00      0.00      0.00      0.00    100.00
01:19:42 AM      20      0.00      0.00      0.00      0.00      0.00    100.00
01:19:42 AM      21      0.00      0.00      0.00      0.00      0.00    100.00
01:19:42 AM      22      0.00      0.00      0.00      0.00      0.00    100.00
01:19:42 AM      23      0.00      0.00      0.00      0.00      0.00    100.00
01:19:42 AM      24      0.00      0.00      0.00      0.00      0.00    100.00
01:19:42 AM      25      0.00      0.00      0.00      0.00      0.00    100.00
01:19:42 AM      26      0.00      0.00      0.00      0.00      0.00    100.00
01:19:42 AM      27      0.00      0.00      0.00      0.00      0.00    100.00
01:19:42 AM      28      0.00      0.00      0.00      0.00      0.00    100.00
01:19:42 AM      29      0.00      0.00      0.00      0.00      0.00    100.00
01:19:42 AM      30      0.00      0.00      0.00      0.00      0.00    100.00
01:19:42 AM      31      0.00      0.00      0.00      0.00      0.00    100.00
01:19:42 AM      32      0.00      0.00      0.00      0.00      0.00    100.00
01:19:42 AM      33      0.00      0.00      0.00      0.00      0.00    100.00
01:19:42 AM      34      0.00      0.00      0.00      0.00      0.00    100.00
01:19:42 AM      35      0.00      0.00      0.00      0.00      0.00    100.00
01:19:42 AM      36      0.00      0.00      0.00      0.00      0.00    100.00
01:19:42 AM      37      0.00      0.00      0.00      0.00      0.00    100.00
01:19:42 AM      38      0.00      0.00      0.00      0.00      0.00    100.00
01:19:42 AM      39      0.00      0.00      0.00      0.00      0.00    100.00
01:19:42 AM      40      0.00      0.00      0.00      0.00      0.00    100.00
01:19:42 AM      41      0.00      0.00      0.00      0.00      0.00    100.00
01:19:42 AM      42      0.00      0.00      0.00      0.00      0.00    100.00
01:19:42 AM      43      0.00      0.00      0.00      0.00      0.00    100.00
01:19:42 AM      44      0.00      0.00      0.00      0.00      0.00    100.00
01:19:42 AM      45      0.00      0.00      0.00      0.00      0.00    100.00
01:19:42 AM      46      0.00      0.00      0.00      0.00      0.00    100.00
01:19:42 AM      47      0.00      0.00      0.00      0.00      0.00    100.00

01:19:42 AM     CPU     %user     %nice   %system   %iowait    %steal     %idle
01:19:43 AM     all      0.00      0.00      0.02      0.06      0.00     99.92
01:19:43 AM       0      0.00      0.00      0.00      0.00      0.00    100.00
01:19:43 AM       1      0.00      0.00      0.00      0.00      0.00    100.00
01:19:43 AM       2      0.00      0.00      0.00      0.00      0.00    100.00
01:19:43 AM       3      0.00      0.00      0.00      0.00      0.00    100.00
01:19:43 AM       4      0.00      0.00      0.00      0.00      0.00    100.00
01:19:43 AM       5      0.00      0.00      0.00      0.00      0.00    100.00
01:19:43 AM       6      0.00      0.00      0.00      0.00      0.00    100.00
01:19:43 AM       7      0.00      0.00      0.00      3.03      0.00     96.97
01:19:43 AM       8      0.00      0.00      0.00      0.00      0.00    100.00
01:19:43 AM       9      0.00      0.00      0.00      0.00      0.00    100.00
01:19:43 AM      10      0.00      0.00      0.00      0.00      0.00    100.00
01:19:43 AM      11      0.00      0.00      0.00      0.00      0.00    100.00
01:19:43 AM      12      0.00      0.00      0.00      0.00      0.00    100.00
01:19:43 AM      13      0.00      0.00      0.00      0.00      0.00    100.00
01:19:43 AM      14      0.00      0.00      0.00      0.00      0.00    100.00
01:19:43 AM      15      0.00      0.00      0.00      0.00      0.00    100.00
01:19:43 AM      16      0.00      0.00      0.00      0.00      0.00    100.00
01:19:43 AM      17      0.00      0.00      0.00      0.00      0.00    100.00
01:19:43 AM      18      0.00      0.00      0.00      0.00      0.00    100.00
01:19:43 AM      19      0.00      0.00      0.00      0.00      0.00    100.00
01:19:43 AM      20      0.00      0.00      0.00      0.00      0.00    100.00
01:19:43 AM      21      0.00      0.00      0.00      0.00      0.00    100.00
01:19:43 AM      22      0.00      0.00      0.00      0.00      0.00    100.00
01:19:43 AM      23      0.00      0.00      0.00      0.00      0.00    100.00
01:19:43 AM      24      0.00      0.00      0.00      0.00      0.00    100.00
01:19:43 AM      25      0.00      0.00      1.00      0.00      0.00     99.00
01:19:43 AM      26      0.00      0.00      0.00      0.00      0.00    100.00
01:19:43 AM      27      0.00      0.00      0.00      0.00      0.00    100.00
01:19:43 AM      28      0.00      0.00      0.00      0.00      0.00    100.00
01:19:43 AM      29      0.00      0.00      0.00      0.00      0.00    100.00
01:19:43 AM      30      0.00      0.00      0.00      0.00      0.00    100.00
01:19:43 AM      31      0.00      0.00      0.00      0.00      0.00    100.00
01:19:43 AM      32      0.00      0.00      0.00      0.00      0.00    100.00
01:19:43 AM      33      0.00      0.00      0.00      0.00      0.00    100.00
01:19:43 AM      34      0.00      0.00      0.00      0.00      0.00    100.00
01:19:43 AM      35      0.00      0.00      0.00      0.00      0.00    100.00
01:19:43 AM      36      0.00      0.00      0.00      0.00      0.00    100.00
01:19:43 AM      37      0.00      0.00      0.00      0.00      0.00    100.00
01:19:43 AM      38      0.00      0.00      0.00      0.00      0.00    100.00
01:19:43 AM      39      0.00      0.00      0.00      0.00      0.00    100.00
01:19:43 AM      40      0.00      0.00      0.00      0.00      0.00    100.00
01:19:43 AM      41      0.00      0.00      0.00      0.00      0.00    100.00
01:19:43 AM      42      0.00      0.00      0.00      0.00      0.00    100.00
01:19:43 AM      43      0.00      0.00      0.00      0.00      0.00    100.00
01:19:43 AM      44      0.00      0.00      0.00      0.00      0.00    100.00
01:19:43 AM      45      0.00      0.00      0.00      0.00      0.00    100.00
01:19:43 AM      46      0.00      0.00      0.00      0.00      0.00    100.00
01:19:43 AM      47      0.00      0.00      0.00      0.00      0.00    100.00

01:19:43 AM     CPU     %user     %nice   %system   %iowait    %steal     %idle
01:19:44 AM     all      0.00      0.00      0.04      0.00      0.00     99.96
01:19:44 AM       0      0.00      0.00      0.00      0.00      0.00    100.00
01:19:44 AM       1      0.00      0.00      0.00      0.00      0.00    100.00
01:19:44 AM       2      0.00      0.00      0.00      0.00      0.00    100.00
01:19:44 AM       3      0.00      0.00      0.00      0.00      0.00    100.00
01:19:44 AM       4      0.00      0.00      0.00      0.00      0.00    100.00
01:19:44 AM       5      0.00      0.00      0.00      0.00      0.00    100.00
01:19:44 AM       6      0.00      0.00      0.00      0.00      0.00    100.00
01:19:44 AM       7      0.00      0.00      0.00      0.00      0.00    100.00
01:19:44 AM       8      0.00      0.00      0.00      0.00      0.00    100.00
01:19:44 AM       9      0.00      0.00      0.00      0.00      0.00    100.00
01:19:44 AM      10      0.00      0.00      0.00      0.00      0.00    100.00
01:19:44 AM      11      0.00      0.00      0.00      0.00      0.00    100.00
01:19:44 AM      12      0.00      0.00      0.00      0.00      0.00    100.00
01:19:44 AM      13      0.00      0.00      0.00      0.00      0.00    100.00
01:19:44 AM      14      0.00      0.00      0.00      0.00      0.00    100.00
01:19:44 AM      15      0.00      0.00      0.00      0.00      0.00    100.00
01:19:44 AM      16      0.00      0.00      0.00      0.00      0.00    100.00
01:19:44 AM      17      0.00      0.00      0.00      0.00      0.00    100.00
01:19:44 AM      18      0.00      0.00      0.00      0.00      0.00    100.00
01:19:44 AM      19      0.00      0.00      0.99      0.00      0.00     99.01
01:19:44 AM      20      0.00      0.00      0.00      0.00      0.00    100.00
01:19:44 AM      21      0.00      0.00      0.00      0.00      0.00    100.00
01:19:44 AM      22      0.00      0.00      0.00      0.00      0.00    100.00
01:19:44 AM      23      0.00      0.00      0.00      0.00      0.00    100.00
01:19:44 AM      24      0.00      0.00      0.00      0.00      0.00    100.00
01:19:44 AM      25      0.00      0.00      1.00      0.00      0.00     99.00
01:19:44 AM      26      0.00      0.00      0.00      0.00      0.00    100.00
01:19:44 AM      27      0.00      0.00      0.00      0.00      0.00    100.00
01:19:44 AM      28      0.00      0.00      0.00      0.00      0.00    100.00
01:19:44 AM      29      0.00      0.00      0.00      0.00      0.00    100.00
01:19:44 AM      30      0.00      0.00      0.00      0.00      0.00    100.00
01:19:44 AM      31      0.00      0.00      0.00      0.00      0.00    100.00
01:19:44 AM      32      0.00      0.00      0.00      0.00      0.00    100.00
01:19:44 AM      33      0.00      0.00      0.00      0.00      0.00    100.00
01:19:44 AM      34      0.00      0.00      0.00      0.00      0.00    100.00
01:19:44 AM      35      0.00      0.00      0.00      0.00      0.00    100.00
01:19:44 AM      36      0.00      0.00      0.00      0.00      0.00    100.00
01:19:44 AM      37      0.00      0.00      0.00      0.00      0.00    100.00
01:19:44 AM      38      0.00      0.00      0.00      0.00      0.00    100.00
01:19:44 AM      39      0.00      0.00      0.00      0.00      0.00    100.00
01:19:44 AM      40      0.00      0.00      0.00      0.00      0.00    100.00
01:19:44 AM      41      0.00      0.00      0.00      0.00      0.00    100.00
01:19:44 AM      42      0.00      0.00      0.00      0.00      0.00    100.00
01:19:44 AM      43      0.00      0.00      0.00      0.00      0.00    100.00
01:19:44 AM      44      0.00      0.00      0.00      0.00      0.00    100.00
01:19:44 AM      45      0.00      0.00      0.00      0.00      0.00    100.00
01:19:44 AM      46      0.00      0.00      0.00      0.00      0.00    100.00
01:19:44 AM      47      0.00      0.00      0.00      0.00      0.00    100.00

01:19:44 AM     CPU     %user     %nice   %system   %iowait    %steal     %idle
01:19:45 AM     all      0.00      0.00      0.02      0.00      0.00     99.98
01:19:45 AM       0      0.00      0.00      0.00      0.00      0.00    100.00
01:19:45 AM       1      0.00      0.00      0.00      0.00      0.00    100.00
01:19:45 AM       2      0.00      0.00      0.00      0.00      0.00    100.00
01:19:45 AM       3      0.00      0.00      0.00      0.00      0.00    100.00
01:19:45 AM       4      0.00      0.00      0.00      0.00      0.00    100.00
01:19:45 AM       5      0.00      0.00      0.00      0.00      0.00    100.00
01:19:45 AM       6      0.00      0.00      0.00      0.00      0.00    100.00
01:19:45 AM       7      0.00      0.00      0.00      0.00      0.00    100.00
01:19:45 AM       8      0.00      0.00      0.00      0.00      0.00    100.00
01:19:45 AM       9      0.00      0.00      0.00      0.00      0.00    100.00
01:19:45 AM      10      0.00      0.00      0.00      0.00      0.00    100.00
01:19:45 AM      11      0.00      0.00      0.00      0.00      0.00    100.00
01:19:45 AM      12      0.00      0.00      0.00      0.00      0.00    100.00
01:19:45 AM      13      0.00      0.00      0.00      0.00      0.00    100.00
01:19:45 AM      14      0.00      0.00      0.00      0.00      0.00    100.00
01:19:45 AM      15      0.00      0.00      0.00      0.00      0.00    100.00
01:19:45 AM      16      0.00      0.00      0.00      0.00      0.00    100.00
01:19:45 AM      17      0.00      0.00      0.00      0.00      0.00    100.00
01:19:45 AM      18      0.00      0.00      0.00      0.00      0.00    100.00
01:19:45 AM      19      0.00      0.00      0.00      0.00      0.00    100.00
01:19:45 AM      20      0.00      0.00      0.00      0.00      0.00    100.00
01:19:45 AM      21      0.00      0.00      0.00      0.00      0.00    100.00
01:19:45 AM      22      0.00      0.00      0.00      0.00      0.00    100.00
01:19:45 AM      23      0.00      0.00      0.00      0.00      0.00    100.00
01:19:45 AM      24      0.00      0.00      0.00      0.00      0.00    100.00
01:19:45 AM      25      0.00      0.00      0.99      0.00      0.00     99.01
01:19:45 AM      26      0.00      0.00      0.00      0.00      0.00    100.00
01:19:45 AM      27      0.00      0.00      0.00      0.00      0.00    100.00
01:19:45 AM      28      0.00      0.00      0.00      0.00      0.00    100.00
01:19:45 AM      29      0.00      0.00      0.00      0.00      0.00    100.00
01:19:45 AM      30      0.00      0.00      0.00      0.00      0.00    100.00
01:19:45 AM      31      0.00      0.00      0.00      0.00      0.00    100.00
01:19:45 AM      32      0.00      0.00      0.00      0.00      0.00    100.00
01:19:45 AM      33      0.00      0.00      0.00      0.00      0.00    100.00
01:19:45 AM      34      0.00      0.00      0.00      0.00      0.00    100.00
01:19:45 AM      35      0.00      0.00      0.00      0.00      0.00    100.00
01:19:45 AM      36      0.00      0.00      0.00      0.00      0.00    100.00
01:19:45 AM      37      0.00      0.00      0.00      0.00      0.00    100.00
01:19:45 AM      38      0.00      0.00      0.00      0.00      0.00    100.00
01:19:45 AM      39      0.00      0.00      0.00      0.00      0.00    100.00
01:19:45 AM      40      0.00      0.00      0.00      0.00      0.00    100.00
01:19:45 AM      41      0.00      0.00      0.00      0.00      0.00    100.00
01:19:45 AM      42      0.00      0.00      0.00      0.00      0.00    100.00
01:19:45 AM      43      0.00      0.00      0.00      0.00      0.00    100.00
01:19:45 AM      44      0.00      0.00      0.00      0.00      0.00    100.00
01:19:45 AM      45      0.00      0.00      0.00      0.00      0.00    100.00
01:19:45 AM      46      0.00      0.00      0.00      0.00      0.00    100.00
01:19:45 AM      47      0.00      0.00      0.00      0.00      0.00    100.00

01:19:45 AM     CPU     %user     %nice   %system   %iowait    %steal     %idle
01:19:46 AM     all      0.00      0.00      0.00      0.00      0.00    100.00
01:19:46 AM       0      0.00      0.00      0.00      0.00      0.00    100.00
01:19:46 AM       1      0.00      0.00      0.00      0.00      0.00    100.00
01:19:46 AM       2      0.00      0.00      0.00      0.00      0.00    100.00
01:19:46 AM       3      0.00      0.00      0.00      0.00      0.00    100.00
01:19:46 AM       4      0.00      0.00      0.00      0.00      0.00    100.00
01:19:46 AM       5      0.00      0.00      0.00      0.00      0.00    100.00
01:19:46 AM       6      0.00      0.00      0.00      0.00      0.00    100.00
01:19:46 AM       7      0.00      0.00      0.00      0.00      0.00    100.00
01:19:46 AM       8      0.00      0.00      0.00      0.00      0.00    100.00
01:19:46 AM       9      0.00      0.00      0.00      0.00      0.00    100.00
01:19:46 AM      10      0.00      0.00      0.00      0.00      0.00    100.00
01:19:46 AM      11      0.00      0.00      0.00      0.00      0.00    100.00
01:19:46 AM      12      0.00      0.00      0.00      0.00      0.00    100.00
01:19:46 AM      13      0.00      0.00      0.00      0.00      0.00    100.00
01:19:46 AM      14      0.00      0.00      0.00      0.00      0.00    100.00
01:19:46 AM      15      0.00      0.00      0.00      0.00      0.00    100.00
01:19:46 AM      16      0.00      0.00      0.00      0.00      0.00    100.00
01:19:46 AM      17      0.00      0.00      0.00      0.00      0.00    100.00
01:19:46 AM      18      0.00      0.00      0.00      0.00      0.00    100.00
01:19:46 AM      19      0.00      0.00      0.00      0.00      0.00    100.00
01:19:46 AM      20      0.00      0.00      0.00      0.00      0.00    100.00
01:19:46 AM      21      0.00      0.00      0.00      0.00      0.00    100.00
01:19:46 AM      22      0.00      0.00      0.00      0.00      0.00    100.00
01:19:46 AM      23      0.00      0.00      0.00      0.00      0.00    100.00
01:19:46 AM      24      0.00      0.00      0.00      0.00      0.00    100.00
01:19:46 AM      25      0.00      0.00      1.00      0.00      0.00     99.00
01:19:46 AM      26      0.00      0.00      0.00      0.00      0.00    100.00
01:19:46 AM      27      0.00      0.00      0.00      0.00      0.00    100.00
01:19:46 AM      28      0.00      0.00      0.00      0.00      0.00    100.00
01:19:46 AM      29      0.00      0.00      0.00      0.00      0.00    100.00
01:19:46 AM      30      0.00      0.00      0.00      0.00      0.00    100.00
01:19:46 AM      31      0.00      0.00      0.00      0.00      0.00    100.00
01:19:46 AM      32      0.00      0.00      0.00      0.00      0.00    100.00
01:19:46 AM      33      0.00      0.00      0.00      0.00      0.00    100.00
01:19:46 AM      34      0.00      0.00      0.00      0.00      0.00    100.00
01:19:46 AM      35      0.00      0.00      0.00      0.00      0.00    100.00
01:19:46 AM      36      0.00      0.00      0.00      0.00      0.00    100.00
01:19:46 AM      37      0.00      0.00      0.00      0.00      0.00    100.00
01:19:46 AM      38      0.00      0.00      0.00      0.00      0.00    100.00
01:19:46 AM      39      0.00      0.00      0.00      0.00      0.00    100.00
01:19:46 AM      40      0.00      0.00      0.00      0.00      0.00    100.00
01:19:46 AM      41      0.00      0.00      0.00      0.00      0.00    100.00
01:19:46 AM      42      0.00      0.00      0.00      0.00      0.00    100.00
01:19:46 AM      43      0.00      0.00      0.00      0.00      0.00    100.00
01:19:46 AM      44      0.00      0.00      0.00      0.00      0.00    100.00
01:19:46 AM      45      0.00      0.00      0.00      0.00      0.00    100.00
01:19:46 AM      46      0.00      0.00      0.00      0.00      0.00    100.00
01:19:46 AM      47      0.00      0.00      0.00      0.00      0.00    100.00

01:19:46 AM     CPU     %user     %nice   %system   %iowait    %steal     %idle
01:19:47 AM     all      0.02      0.00      0.02      0.00      0.00     99.96
01:19:47 AM       0      0.00      0.00      0.00      0.00      0.00    100.00
01:19:47 AM       1      0.00      0.00      0.00      0.00      0.00    100.00
01:19:47 AM       2      0.00      0.00      0.00      0.00      0.00    100.00
01:19:47 AM       3      0.00      0.00      0.00      0.00      0.00    100.00
01:19:47 AM       4      0.00      0.00      0.00      0.00      0.00    100.00
01:19:47 AM       5      0.00      0.00      0.00      0.00      0.00    100.00
01:19:47 AM       6      0.00      0.00      0.00      0.00      0.00    100.00
01:19:47 AM       7      0.00      0.00      0.00      0.00      0.00    100.00
01:19:47 AM       8      0.00      0.00      0.00      0.00      0.00    100.00
01:19:47 AM       9      0.00      0.00      0.00      0.00      0.00    100.00
01:19:47 AM      10      0.00      0.00      0.00      0.00      0.00    100.00
01:19:47 AM      11      0.00      0.00      0.00      0.00      0.00    100.00
01:19:47 AM      12      0.00      0.00      0.00      0.00      0.00    100.00
01:19:47 AM      13      0.00      0.00      0.00      0.00      0.00    100.00
01:19:47 AM      14      0.00      0.00      0.00      0.00      0.00    100.00
01:19:47 AM      15      0.00      0.00      0.00      0.00      0.00    100.00
01:19:47 AM      16      0.00      0.00      0.00      0.00      0.00    100.00
01:19:47 AM      17      0.00      0.00      0.00      0.00      0.00    100.00
01:19:47 AM      18      0.00      0.00      0.00      0.00      0.00    100.00
01:19:47 AM      19      0.00      0.00      0.00      0.00      0.00    100.00
01:19:47 AM      20      0.00      0.00      0.00      0.00      0.00    100.00
01:19:47 AM      21      0.00      0.00      0.00      0.00      0.00    100.00
01:19:47 AM      22      0.00      0.00      0.00      0.00      0.00    100.00
01:19:47 AM      23      0.00      0.00      0.00      0.00      0.00    100.00
01:19:47 AM      24      0.00      0.00      0.00      0.00      0.00    100.00
01:19:47 AM      25      0.00      0.00      0.00      0.00      0.00    100.00
01:19:47 AM      26      0.00      0.00      0.00      0.00      0.00    100.00
01:19:47 AM      27      0.00      0.00      0.00      0.00      0.00    100.00
01:19:47 AM      28      0.00      0.00      0.00      0.00      0.00    100.00
01:19:47 AM      29      0.00      0.00      0.00      0.00      0.00    100.00
01:19:47 AM      30      0.00      0.00      0.00      0.00      0.00    100.00
01:19:47 AM      31      0.00      0.00      0.00      0.00      0.00    100.00
01:19:47 AM      32      0.00      0.00      0.00      0.00      0.00    100.00
01:19:47 AM      33      0.00      0.00      0.00      0.00      0.00    100.00
01:19:47 AM      34      0.00      0.00      0.00      0.00      0.00    100.00
01:19:47 AM      35      0.00      0.00      0.00      0.00      0.00    100.00
01:19:47 AM      36      0.00      0.00      0.00      0.00      0.00    100.00
01:19:47 AM      37      0.00      0.00      0.00      0.00      0.00    100.00
01:19:47 AM      38      0.00      0.00      0.00      0.00      0.00    100.00
01:19:47 AM      39      0.00      0.00      0.00      0.00      0.00    100.00
01:19:47 AM      40      0.00      0.00      0.00      0.00      0.00    100.00
01:19:47 AM      41      0.00      0.00      0.00      0.00      0.00    100.00
01:19:47 AM      42      0.00      0.00      0.00      0.00      0.00    100.00
01:19:47 AM      43      0.00      0.00      0.00      0.00      0.00    100.00
01:19:47 AM      44      0.00      0.00      0.00      0.00      0.00    100.00
01:19:47 AM      45      0.00      0.00      0.00      0.00      0.00    100.00
01:19:47 AM      46      0.00      0.00      0.00      0.00      0.00    100.00
01:19:47 AM      47      0.00      0.00      0.00      0.00      0.00    100.00

Average:        CPU     %user     %nice   %system   %iowait    %steal     %idle
Average:        all      0.16      0.00      0.74      0.01      0.00     99.10
Average:          0      7.43      0.00     34.47      0.00      0.00     58.10
Average:          1      0.00      0.00      0.05      0.00      0.00     99.95
Average:          2      0.05      0.00      0.05      0.00      0.00     99.90
Average:          3      0.00      0.00      0.05      0.00      0.00     99.95
Average:          4      0.00      0.00      0.00      0.00      0.00    100.00
Average:          5      0.00      0.00      0.00      0.00      0.00    100.00
Average:          6      0.00      0.00      0.00      0.00      0.00    100.00
Average:          7      0.00      0.00      0.00      0.50      0.00     99.50
Average:          8      0.00      0.00      0.07      0.00      0.00     99.93
Average:          9      0.00      0.00      0.00      0.00      0.00    100.00
Average:         10      0.00      0.00      0.00      0.00      0.00    100.00
Average:         11      0.00      0.00      0.00      0.00      0.00    100.00
Average:         12      0.00      0.00      0.05      0.00      0.00     99.95
Average:         13      0.00      0.00      0.00      0.00      0.00    100.00
Average:         14      0.00      0.00      0.00      0.00      0.00    100.00
Average:         15      0.00      0.00      0.00      0.00      0.00    100.00
Average:         16      0.00      0.00      0.00      0.00      0.00    100.00
Average:         17      0.00      0.00      0.00      0.00      0.00    100.00
Average:         18      0.00      0.00      0.00      0.00      0.00    100.00
Average:         19      0.00      0.00      0.10      0.00      0.00     99.90
Average:         20      0.00      0.00      0.00      0.00      0.00    100.00
Average:         21      0.00      0.00      0.00      0.00      0.00    100.00
Average:         22      0.00      0.00      0.00      0.00      0.00    100.00
Average:         23      0.05      0.00      0.00      0.00      0.00     99.95
Average:         24      0.00      0.00      0.00      0.00      0.00    100.00
Average:         25      0.05      0.00      0.75      0.00      0.00     99.20
Average:         26      0.00      0.00      0.00      0.00      0.00    100.00
Average:         27      0.00      0.00      0.00      0.00      0.00    100.00
Average:         28      0.00      0.00      0.00      0.00      0.00    100.00
Average:         29      0.00      0.00      0.00      0.00      0.00    100.00
Average:         30      0.00      0.00      0.00      0.00      0.00    100.00
Average:         31      0.00      0.00      0.00      0.00      0.00    100.00
Average:         32      0.00      0.00      0.00      0.00      0.00    100.00
Average:         33      0.00      0.00      0.00      0.00      0.00    100.00
Average:         34      0.00      0.00      0.00      0.00      0.00    100.00
Average:         35      0.00      0.00      0.00      0.00      0.00    100.00
Average:         36      0.00      0.00      0.00      0.00      0.00    100.00
Average:         37      0.00      0.00      0.00      0.00      0.00    100.00
Average:         38      0.00      0.00      0.10      0.00      0.00     99.90
Average:         39      0.00      0.00      0.00      0.00      0.00    100.00
Average:         40      0.00      0.00      0.00      0.00      0.00    100.00
Average:         41      0.00      0.00      0.00      0.00      0.00    100.00
Average:         42      0.00      0.00      0.00      0.00      0.00    100.00
Average:         43      0.00      0.00      0.00      0.00      0.00    100.00
Average:         44      0.00      0.00      0.00      0.00      0.00    100.00
Average:         45      0.00      0.00      0.00      0.00      0.00    100.00
Average:         46      0.00      0.00      0.00      0.00      0.00    100.00
Average:         47      0.00      0.00      0.00      0.00      0.00    100.00
