Linux 3.10.0-514.el7.x86_64 (localhost.localdomain) 	02/19/2020 	_x86_64_	(48 CPU)

12:58:00 AM     CPU     %user     %nice   %system   %iowait    %steal     %idle
12:58:01 AM     all      0.15      0.00      0.25      0.00      0.00     99.60
12:58:01 AM       0      0.00      0.00      0.00      0.00      0.00    100.00
12:58:01 AM       1      0.00      0.00      0.00      0.00      0.00    100.00
12:58:01 AM       2      0.99      0.00      0.99      0.00      0.00     98.02
12:58:01 AM       3      0.00      0.00      0.00      0.00      0.00    100.00
12:58:01 AM       4      0.00      0.00      1.00      0.00      0.00     99.00
12:58:01 AM       5      0.99      0.00      0.00      0.00      0.00     99.01
12:58:01 AM       6      0.99      0.00      0.00      0.00      0.00     99.01
12:58:01 AM       7      0.00      0.00      0.00      0.00      0.00    100.00
12:58:01 AM       8      0.00      0.00      0.00      0.00      0.00    100.00
12:58:01 AM       9      0.00      0.00      0.00      0.00      0.00    100.00
12:58:01 AM      10      0.00      0.00      0.00      0.00      0.00    100.00
12:58:01 AM      11      0.00      0.00      0.00      0.00      0.00    100.00
12:58:01 AM      12      0.00      0.00      1.00      0.00      0.00     99.00
12:58:01 AM      13      0.00      0.00      0.00      0.00      0.00    100.00
12:58:01 AM      14      0.00      0.00      0.00      0.00      0.00    100.00
12:58:01 AM      15      0.00      0.00      0.00      0.00      0.00    100.00
12:58:01 AM      16      0.99      0.00      0.00      0.00      0.00     99.01
12:58:01 AM      17      0.00      0.00      0.00      0.00      0.00    100.00
12:58:01 AM      18      1.00      0.00      0.00      0.00      0.00     99.00
12:58:01 AM      19      0.00      0.00      1.00      0.00      0.00     99.00
12:58:01 AM      20      0.99      0.00      0.99      0.00      0.00     98.02
12:58:01 AM      21      0.00      0.00      0.00      0.00      0.00    100.00
12:58:01 AM      22      0.00      0.00      0.00      0.00      0.00    100.00
12:58:01 AM      23      0.99      0.00      0.99      0.00      0.00     98.02
12:58:01 AM      24      0.00      0.00      0.00      0.00      0.00    100.00
12:58:01 AM      25      1.00      0.00      2.00      0.00      0.00     97.00
12:58:01 AM      26      1.01      0.00      0.00      0.00      0.00     98.99
12:58:01 AM      27      0.00      0.00      0.00      0.00      0.00    100.00
12:58:01 AM      28      0.00      0.00      0.00      0.00      0.00    100.00
12:58:01 AM      29      0.00      0.00      0.00      0.00      0.00    100.00
12:58:01 AM      30      0.00      0.00      0.00      0.00      0.00    100.00
12:58:01 AM      31      0.00      0.00      0.00      0.00      0.00    100.00
12:58:01 AM      32      0.00      0.00      0.00      0.00      0.00    100.00
12:58:01 AM      33      0.00      0.00      0.00      0.00      0.00    100.00
12:58:01 AM      34      0.00      0.00      0.00      0.00      0.00    100.00
12:58:01 AM      35      0.00      0.00      0.00      0.00      0.00    100.00
12:58:01 AM      36      0.00      0.00      0.99      0.00      0.00     99.01
12:58:01 AM      37      0.00      0.00      1.98      0.00      0.00     98.02
12:58:01 AM      38      0.00      0.00      0.00      0.00      0.00    100.00
12:58:01 AM      39      0.00      0.00      0.99      0.00      0.00     99.01
12:58:01 AM      40      0.00      0.00      0.00      0.00      0.00    100.00
12:58:01 AM      41      0.00      0.00      0.00      0.00      0.00    100.00
12:58:01 AM      42      0.00      0.00      0.00      0.00      0.00    100.00
12:58:01 AM      43      0.00      0.00      0.00      0.00      0.00    100.00
12:58:01 AM      44      0.00      0.00      0.00      0.00      0.00    100.00
12:58:01 AM      45      0.99      0.00      0.99      0.00      0.00     98.02
12:58:01 AM      46      0.00      0.00      0.00      0.00      0.00    100.00
12:58:01 AM      47      0.00      0.00      0.00      0.00      0.00    100.00

12:58:01 AM     CPU     %user     %nice   %system   %iowait    %steal     %idle
12:58:02 AM     all      0.10      0.00      0.19      0.00      0.00     99.71
12:58:02 AM       0      0.00      0.00      0.00      0.00      0.00    100.00
12:58:02 AM       1      0.00      0.00      0.00      0.00      0.00    100.00
12:58:02 AM       2      0.00      0.00      1.01      0.00      0.00     98.99
12:58:02 AM       3      0.00      0.00      1.00      0.00      0.00     99.00
12:58:02 AM       4      0.99      0.00      0.00      0.00      0.00     99.01
12:58:02 AM       5      0.00      0.00      0.00      0.00      0.00    100.00
12:58:02 AM       6      0.00      0.00      0.00      0.00      0.00    100.00
12:58:02 AM       7      0.00      0.00      0.00      0.00      0.00    100.00
12:58:02 AM       8      0.00      0.00      0.00      0.00      0.00    100.00
12:58:02 AM       9      0.00      0.00      0.00      0.00      0.00    100.00
12:58:02 AM      10      0.00      0.00      0.00      0.00      0.00    100.00
12:58:02 AM      11      0.00      0.00      0.00      0.00      0.00    100.00
12:58:02 AM      12      0.00      0.00      0.00      0.00      0.00    100.00
12:58:02 AM      13      0.00      0.00      0.00      0.00      0.00    100.00
12:58:02 AM      14      0.00      0.00      0.00      0.00      0.00    100.00
12:58:02 AM      15      0.00      0.00      0.99      0.00      0.00     99.01
12:58:02 AM      16      0.00      0.00      0.00      0.00      0.00    100.00
12:58:02 AM      17      0.00      0.00      0.00      0.00      0.00    100.00
12:58:02 AM      18      1.00      0.00      0.00      0.00      0.00     99.00
12:58:02 AM      19      0.00      0.00      0.00      0.00      0.00    100.00
12:58:02 AM      20      0.00      0.00      0.00      0.00      0.00    100.00
12:58:02 AM      21      0.00      0.00      0.00      0.00      0.00    100.00
12:58:02 AM      22      0.00      0.00      0.00      0.00      0.00    100.00
12:58:02 AM      23      0.00      0.00      0.00      0.00      0.00    100.00
12:58:02 AM      24      0.00      0.00      0.00      0.00      0.00    100.00
12:58:02 AM      25      0.00      0.00      3.00      0.00      0.00     97.00
12:58:02 AM      26      0.00      0.00      0.00      0.00      0.00    100.00
12:58:02 AM      27      0.00      0.00      0.00      0.00      0.00    100.00
12:58:02 AM      28      0.99      0.00      0.99      0.00      0.00     98.02
12:58:02 AM      29      0.00      0.00      0.00      0.00      0.00    100.00
12:58:02 AM      30      0.00      0.00      0.00      0.00      0.00    100.00
12:58:02 AM      31      0.00      0.00      0.00      0.00      0.00    100.00
12:58:02 AM      32      0.00      0.00      0.00      0.00      0.00    100.00
12:58:02 AM      33      0.00      0.00      0.00      0.00      0.00    100.00
12:58:02 AM      34      0.00      0.00      0.00      0.00      0.00    100.00
12:58:02 AM      35      0.00      0.00      0.00      0.00      0.00    100.00
12:58:02 AM      36      0.00      0.00      0.00      0.00      0.00    100.00
12:58:02 AM      37      0.00      0.00      1.00      0.00      0.00     99.00
12:58:02 AM      38      0.00      0.00      1.00      0.00      0.00     99.00
12:58:02 AM      39      0.00      0.00      0.00      0.00      0.00    100.00
12:58:02 AM      40      0.00      0.00      0.00      0.00      0.00    100.00
12:58:02 AM      41      0.00      0.00      0.00      0.00      0.00    100.00
12:58:02 AM      42      0.00      0.00      0.00      0.00      0.00    100.00
12:58:02 AM      43      0.00      0.00      0.00      0.00      0.00    100.00
12:58:02 AM      44      0.00      0.00      0.00      0.00      0.00    100.00
12:58:02 AM      45      0.00      0.00      0.00      0.00      0.00    100.00
12:58:02 AM      46      0.00      0.00      0.00      0.00      0.00    100.00
12:58:02 AM      47      0.00      0.00      0.00      0.00      0.00    100.00

12:58:02 AM     CPU     %user     %nice   %system   %iowait    %steal     %idle
12:58:03 AM     all      0.27      0.00      1.60      0.00      0.00     98.12
12:58:03 AM       0     13.13      0.00     72.73      0.00      0.00     14.14
12:58:03 AM       1      0.00      0.00      1.00      0.00      0.00     99.00
12:58:03 AM       2      0.00      0.00      0.00      0.00      0.00    100.00
12:58:03 AM       3      0.00      0.00      0.00      0.00      0.00    100.00
12:58:03 AM       4      0.00      0.00      0.00      0.00      0.00    100.00
12:58:03 AM       5      0.00      0.00      0.00      0.00      0.00    100.00
12:58:03 AM       6      0.00      0.00      0.00      0.00      0.00    100.00
12:58:03 AM       7      0.00      0.00      0.00      0.00      0.00    100.00
12:58:03 AM       8      0.00      0.00      2.50      0.00      0.00     97.50
12:58:03 AM       9      0.00      0.00      0.00      0.00      0.00    100.00
12:58:03 AM      10      0.00      0.00      0.00      0.00      0.00    100.00
12:58:03 AM      11      0.00      0.00      0.00      0.00      0.00    100.00
12:58:03 AM      12      0.00      0.00      0.00      0.00      0.00    100.00
12:58:03 AM      13      0.00      0.00      0.00      0.00      0.00    100.00
12:58:03 AM      14      0.00      0.00      0.00      0.00      0.00    100.00
12:58:03 AM      15      0.00      0.00      0.00      0.00      0.00    100.00
12:58:03 AM      16      0.00      0.00      0.00      0.00      0.00    100.00
12:58:03 AM      17      0.00      0.00      0.00      0.00      0.00    100.00
12:58:03 AM      18      0.00      0.00      0.00      0.00      0.00    100.00
12:58:03 AM      19      0.00      0.00      0.00      0.00      0.00    100.00
12:58:03 AM      20      0.00      0.00      0.00      0.00      0.00    100.00
12:58:03 AM      21      0.00      0.00      0.00      0.00      0.00    100.00
12:58:03 AM      22      0.00      0.00      0.00      0.00      0.00    100.00
12:58:03 AM      23      0.00      0.00      0.00      0.00      0.00    100.00
12:58:03 AM      24      0.00      0.00      0.00      0.00      0.00    100.00
12:58:03 AM      25      0.00      0.00      0.00      0.00      0.00    100.00
12:58:03 AM      26      0.00      0.00      0.99      0.00      0.00     99.01
12:58:03 AM      27      0.00      0.00      0.00      0.00      0.00    100.00
12:58:03 AM      28      0.00      0.00      0.00      0.00      0.00    100.00
12:58:03 AM      29      0.00      0.00      0.00      0.00      0.00    100.00
12:58:03 AM      30      0.00      0.00      0.00      0.00      0.00    100.00
12:58:03 AM      31      0.00      0.00      0.00      0.00      0.00    100.00
12:58:03 AM      32      0.00      0.00      0.00      0.00      0.00    100.00
12:58:03 AM      33      0.00      0.00      0.00      0.00      0.00    100.00
12:58:03 AM      34      0.00      0.00      0.00      0.00      0.00    100.00
12:58:03 AM      35      0.00      0.00      0.00      0.00      0.00    100.00
12:58:03 AM      36      0.00      0.00      0.00      0.00      0.00    100.00
12:58:03 AM      37      0.00      0.00      0.00      0.00      0.00    100.00
12:58:03 AM      38      0.00      0.00      0.00      0.00      0.00    100.00
12:58:03 AM      39      0.00      0.00      0.00      0.00      0.00    100.00
12:58:03 AM      40      0.00      0.00      0.00      0.00      0.00    100.00
12:58:03 AM      41      0.00      0.00      0.00      0.00      0.00    100.00
12:58:03 AM      42      0.00      0.00      0.00      0.00      0.00    100.00
12:58:03 AM      43      0.00      0.00      0.00      0.00      0.00    100.00
12:58:03 AM      44      0.00      0.00      0.00      0.00      0.00    100.00
12:58:03 AM      45      0.00      0.00      0.00      0.00      0.00    100.00
12:58:03 AM      46      0.00      0.00      0.00      0.00      0.00    100.00
12:58:03 AM      47      0.00      0.00      0.00      0.00      0.00    100.00

12:58:03 AM     CPU     %user     %nice   %system   %iowait    %steal     %idle
12:58:04 AM     all      0.30      0.00      1.54      0.00      0.00     98.16
12:58:04 AM       0     13.86      0.00     70.30      0.00      0.00     15.84
12:58:04 AM       1      0.00      0.00      0.00      0.00      0.00    100.00
12:58:04 AM       2      0.00      0.00      0.00      0.00      0.00    100.00
12:58:04 AM       3      0.00      0.00      0.00      0.00      0.00    100.00
12:58:04 AM       4      0.00      0.00      0.00      0.00      0.00    100.00
12:58:04 AM       5      0.00      0.00      0.00      0.00      0.00    100.00
12:58:04 AM       6      0.00      0.00      0.00      0.00      0.00    100.00
12:58:04 AM       7      0.00      0.00      0.00      0.00      0.00    100.00
12:58:04 AM       8      0.00      0.00      0.00      0.00      0.00    100.00
12:58:04 AM       9      0.00      0.00      0.00      0.00      0.00    100.00
12:58:04 AM      10      0.00      0.00      0.00      0.00      0.00    100.00
12:58:04 AM      11      0.00      0.00      0.00      0.00      0.00    100.00
12:58:04 AM      12      0.00      0.00      0.00      0.00      0.00    100.00
12:58:04 AM      13      0.00      0.00      0.00      0.00      0.00    100.00
12:58:04 AM      14      0.00      0.00      0.00      0.00      0.00    100.00
12:58:04 AM      15      0.00      0.00      0.00      0.00      0.00    100.00
12:58:04 AM      16      0.00      0.00      0.00      0.00      0.00    100.00
12:58:04 AM      17      0.00      0.00      0.00      0.00      0.00    100.00
12:58:04 AM      18      0.00      0.00      0.00      0.00      0.00    100.00
12:58:04 AM      19      0.98      0.00      0.98      0.00      0.00     98.04
12:58:04 AM      20      0.00      0.00      0.00      0.00      0.00    100.00
12:58:04 AM      21      0.00      0.00      0.00      0.00      0.00    100.00
12:58:04 AM      22      0.00      0.00      0.00      0.00      0.00    100.00
12:58:04 AM      23      0.00      0.00      0.00      0.00      0.00    100.00
12:58:04 AM      24      0.00      0.00      0.00      0.00      0.00    100.00
12:58:04 AM      25      0.00      0.00      1.00      0.00      0.00     99.00
12:58:04 AM      26      0.00      0.00      0.00      0.00      0.00    100.00
12:58:04 AM      27      0.00      0.00      0.00      0.00      0.00    100.00
12:58:04 AM      28      0.00      0.00      0.00      0.00      0.00    100.00
12:58:04 AM      29      0.00      0.00      0.00      0.00      0.00    100.00
12:58:04 AM      30      0.00      0.00      0.00      0.00      0.00    100.00
12:58:04 AM      31      0.00      0.00      0.00      0.00      0.00    100.00
12:58:04 AM      32      0.00      0.00      0.00      0.00      0.00    100.00
12:58:04 AM      33      0.00      0.00      0.00      0.00      0.00    100.00
12:58:04 AM      34      0.00      0.00      0.00      0.00      0.00    100.00
12:58:04 AM      35      0.00      0.00      0.00      0.00      0.00    100.00
12:58:04 AM      36      0.00      0.00      0.00      0.00      0.00    100.00
12:58:04 AM      37      0.00      0.00      0.00      0.00      0.00    100.00
12:58:04 AM      38      0.00      0.00      0.00      0.00      0.00    100.00
12:58:04 AM      39      0.00      0.00      0.00      0.00      0.00    100.00
12:58:04 AM      40      0.00      0.00      0.00      0.00      0.00    100.00
12:58:04 AM      41      0.00      0.00      0.00      0.00      0.00    100.00
12:58:04 AM      42      0.00      0.00      0.00      0.00      0.00    100.00
12:58:04 AM      43      0.00      0.00      0.00      0.00      0.00    100.00
12:58:04 AM      44      0.00      0.00      0.00      0.00      0.00    100.00
12:58:04 AM      45      0.00      0.00      0.00      0.00      0.00    100.00
12:58:04 AM      46      0.00      0.00      0.00      0.00      0.00    100.00
12:58:04 AM      47      0.00      0.00      0.00      0.00      0.00    100.00

12:58:04 AM     CPU     %user     %nice   %system   %iowait    %steal     %idle
12:58:05 AM     all      0.23      0.00      1.52      0.00      0.00     98.24
12:58:05 AM       0     11.46      0.00     72.92      0.00      0.00     15.62
12:58:05 AM       1      0.00      0.00      0.00      0.00      0.00    100.00
12:58:05 AM       2      0.00      0.00      0.00      0.00      0.00    100.00
12:58:05 AM       3      0.00      0.00      0.00      0.00      0.00    100.00
12:58:05 AM       4      0.00      0.00      0.00      0.00      0.00    100.00
12:58:05 AM       5      0.00      0.00      0.00      0.00      0.00    100.00
12:58:05 AM       6      0.00      0.00      0.00      0.00      0.00    100.00
12:58:05 AM       7      0.00      0.00      0.00      0.00      0.00    100.00
12:58:05 AM       8      0.00      0.00      3.57      0.00      0.00     96.43
12:58:05 AM       9      0.00      0.00      0.00      0.00      0.00    100.00
12:58:05 AM      10      0.00      0.00      0.00      0.00      0.00    100.00
12:58:05 AM      11      0.00      0.00      0.00      0.00      0.00    100.00
12:58:05 AM      12      0.00      0.00      0.00      0.00      0.00    100.00
12:58:05 AM      13      0.00      0.00      0.00      0.00      0.00    100.00
12:58:05 AM      14      0.00      0.00      0.00      0.00      0.00    100.00
12:58:05 AM      15      0.00      0.00      0.00      0.00      0.00    100.00
12:58:05 AM      16      0.00      0.00      0.00      0.00      0.00    100.00
12:58:05 AM      17      0.00      0.00      0.00      0.00      0.00    100.00
12:58:05 AM      18      0.00      0.00      0.00      0.00      0.00    100.00
12:58:05 AM      19      0.00      0.00      0.00      0.00      0.00    100.00
12:58:05 AM      20      0.00      0.00      0.00      0.00      0.00    100.00
12:58:05 AM      21      0.00      0.00      0.00      0.00      0.00    100.00
12:58:05 AM      22      0.00      0.00      0.00      0.00      0.00    100.00
12:58:05 AM      23      0.00      0.00      0.00      0.00      0.00    100.00
12:58:05 AM      24      0.00      0.00      0.00      0.00      0.00    100.00
12:58:05 AM      25      0.00      0.00      0.99      0.00      0.00     99.01
12:58:05 AM      26      0.00      0.00      0.00      0.00      0.00    100.00
12:58:05 AM      27      0.00      0.00      0.00      0.00      0.00    100.00
12:58:05 AM      28      0.00      0.00      0.00      0.00      0.00    100.00
12:58:05 AM      29      0.00      0.00      0.00      0.00      0.00    100.00
12:58:05 AM      30      0.00      0.00      0.00      0.00      0.00    100.00
12:58:05 AM      31      0.00      0.00      0.00      0.00      0.00    100.00
12:58:05 AM      32      0.00      0.00      0.00      0.00      0.00    100.00
12:58:05 AM      33      0.00      0.00      0.00      0.00      0.00    100.00
12:58:05 AM      34      0.00      0.00      0.00      0.00      0.00    100.00
12:58:05 AM      35      0.00      0.00      0.00      0.00      0.00    100.00
12:58:05 AM      36      0.00      0.00      0.00      0.00      0.00    100.00
12:58:05 AM      37      0.00      0.00      0.00      0.00      0.00    100.00
12:58:05 AM      38      0.00      0.00      0.00      0.00      0.00    100.00
12:58:05 AM      39      0.00      0.00      0.00      0.00      0.00    100.00
12:58:05 AM      40      0.00      0.00      0.00      0.00      0.00    100.00
12:58:05 AM      41      0.00      0.00      0.00      0.00      0.00    100.00
12:58:05 AM      42      0.00      0.00      0.00      0.00      0.00    100.00
12:58:05 AM      43      0.00      0.00      0.00      0.00      0.00    100.00
12:58:05 AM      44      0.00      0.00      0.00      0.00      0.00    100.00
12:58:05 AM      45      0.00      0.00      0.00      0.00      0.00    100.00
12:58:05 AM      46      0.00      0.00      0.00      0.00      0.00    100.00
12:58:05 AM      47      0.00      0.00      0.00      0.00      0.00    100.00

12:58:05 AM     CPU     %user     %nice   %system   %iowait    %steal     %idle
12:58:06 AM     all      0.25      0.00      1.50      0.11      0.00     98.14
12:58:06 AM       0     12.24      0.00     71.43      0.00      0.00     16.33
12:58:06 AM       1      0.00      0.00      0.00      4.00      0.00     96.00
12:58:06 AM       2      0.00      0.00      0.00      0.00      0.00    100.00
12:58:06 AM       3      0.00      0.00      0.00      0.00      0.00    100.00
12:58:06 AM       4      0.00      0.00      0.00      0.00      0.00    100.00
12:58:06 AM       5      0.00      0.00      0.00      0.00      0.00    100.00
12:58:06 AM       6      0.00      0.00      0.00      0.00      0.00    100.00
12:58:06 AM       7      0.00      0.00      0.00      0.00      0.00    100.00
12:58:06 AM       8      0.00      0.00      0.00      0.00      0.00    100.00
12:58:06 AM       9      0.00      0.00      0.00      0.00      0.00    100.00
12:58:06 AM      10      0.00      0.00      0.00      0.00      0.00    100.00
12:58:06 AM      11      0.00      0.00      0.00      0.00      0.00    100.00
12:58:06 AM      12      0.00      0.00      0.00      0.00      0.00    100.00
12:58:06 AM      13      0.00      0.00      0.00      0.00      0.00    100.00
12:58:06 AM      14      0.00      0.00      0.00      0.00      0.00    100.00
12:58:06 AM      15      0.00      0.00      0.00      0.00      0.00    100.00
12:58:06 AM      16      0.00      0.00      0.00      0.00      0.00    100.00
12:58:06 AM      17      0.00      0.00      0.00      0.00      0.00    100.00
12:58:06 AM      18      0.00      0.00      0.00      0.00      0.00    100.00
12:58:06 AM      19      0.00      0.00      0.00      0.00      0.00    100.00
12:58:06 AM      20      0.00      0.00      0.00      0.00      0.00    100.00
12:58:06 AM      21      0.00      0.00      0.00      0.00      0.00    100.00
12:58:06 AM      22      0.00      0.00      0.00      0.00      0.00    100.00
12:58:06 AM      23      0.00      0.00      0.00      0.00      0.00    100.00
12:58:06 AM      24      0.00      0.00      0.00      0.00      0.00    100.00
12:58:06 AM      25      0.00      0.00      1.00      0.00      0.00     99.00
12:58:06 AM      26      0.00      0.00      0.00      0.00      0.00    100.00
12:58:06 AM      27      0.00      0.00      0.00      0.00      0.00    100.00
12:58:06 AM      28      0.00      0.00      0.00      0.00      0.00    100.00
12:58:06 AM      29      0.00      0.00      0.00      0.00      0.00    100.00
12:58:06 AM      30      0.00      0.00      0.00      0.00      0.00    100.00
12:58:06 AM      31      0.00      0.00      0.00      0.00      0.00    100.00
12:58:06 AM      32      0.00      0.00      0.00      0.00      0.00    100.00
12:58:06 AM      33      0.00      0.00      0.00      0.00      0.00    100.00
12:58:06 AM      34      0.00      0.00      0.00      0.00      0.00    100.00
12:58:06 AM      35      0.00      0.00      0.00      0.00      0.00    100.00
12:58:06 AM      36      0.00      0.00      0.00      0.00      0.00    100.00
12:58:06 AM      37      0.00      0.00      0.00      0.00      0.00    100.00
12:58:06 AM      38      0.00      0.00      0.00      0.00      0.00    100.00
12:58:06 AM      39      0.00      0.00      0.00      0.00      0.00    100.00
12:58:06 AM      40      0.00      0.00      0.00      0.00      0.00    100.00
12:58:06 AM      41      0.00      0.00      0.00      0.00      0.00    100.00
12:58:06 AM      42      0.00      0.00      0.00      0.00      0.00    100.00
12:58:06 AM      43      0.00      0.00      0.00      0.00      0.00    100.00
12:58:06 AM      44      0.00      0.00      0.00      0.00      0.00    100.00
12:58:06 AM      45      0.00      0.00      0.00      0.00      0.00    100.00
12:58:06 AM      46      0.00      0.00      0.00      0.00      0.00    100.00
12:58:06 AM      47      0.00      0.00      0.00      0.00      0.00    100.00

12:58:06 AM     CPU     %user     %nice   %system   %iowait    %steal     %idle
12:58:07 AM     all      0.30      0.00      1.61      0.00      0.00     98.10
12:58:07 AM       0     14.00      0.00     74.00      0.00      0.00     12.00
12:58:07 AM       1      0.00      0.00      0.00      0.00      0.00    100.00
12:58:07 AM       2      0.99      0.00      0.00      0.00      0.00     99.01
12:58:07 AM       3      0.00      0.00      0.00      0.00      0.00    100.00
12:58:07 AM       4      0.00      0.00      0.00      0.00      0.00    100.00
12:58:07 AM       5      0.00      0.00      0.00      0.00      0.00    100.00
12:58:07 AM       6      0.00      0.00      0.00      0.00      0.00    100.00
12:58:07 AM       7      0.00      0.00      0.00      0.00      0.00    100.00
12:58:07 AM       8      0.00      0.00      4.00      0.00      0.00     96.00
12:58:07 AM       9      0.00      0.00      0.00      0.00      0.00    100.00
12:58:07 AM      10      0.00      0.00      0.00      0.00      0.00    100.00
12:58:07 AM      11      0.00      0.00      0.00      0.00      0.00    100.00
12:58:07 AM      12      0.00      0.00      0.00      0.00      0.00    100.00
12:58:07 AM      13      0.00      0.00      0.00      0.00      0.00    100.00
12:58:07 AM      14      0.00      0.00      0.00      0.00      0.00    100.00
12:58:07 AM      15      0.00      0.00      0.00      0.00      0.00    100.00
12:58:07 AM      16      0.00      0.00      0.00      0.00      0.00    100.00
12:58:07 AM      17      0.00      0.00      0.00      0.00      0.00    100.00
12:58:07 AM      18      0.00      0.00      0.00      0.00      0.00    100.00
12:58:07 AM      19      0.00      0.00      0.00      0.00      0.00    100.00
12:58:07 AM      20      0.00      0.00      0.00      0.00      0.00    100.00
12:58:07 AM      21      0.00      0.00      0.00      0.00      0.00    100.00
12:58:07 AM      22      0.00      0.00      0.00      0.00      0.00    100.00
12:58:07 AM      23      0.00      0.00      0.00      0.00      0.00    100.00
12:58:07 AM      24      0.00      0.00      0.00      0.00      0.00    100.00
12:58:07 AM      25      0.00      0.00      1.00      0.00      0.00     99.00
12:58:07 AM      26      0.00      0.00      0.00      0.00      0.00    100.00
12:58:07 AM      27      0.00      0.00      0.00      0.00      0.00    100.00
12:58:07 AM      28      0.00      0.00      0.00      0.00      0.00    100.00
12:58:07 AM      29      0.00      0.00      0.00      0.00      0.00    100.00
12:58:07 AM      30      0.00      0.00      0.00      0.00      0.00    100.00
12:58:07 AM      31      0.00      0.00      0.00      0.00      0.00    100.00
12:58:07 AM      32      0.00      0.00      0.00      0.00      0.00    100.00
12:58:07 AM      33      0.00      0.00      0.00      0.00      0.00    100.00
12:58:07 AM      34      0.00      0.00      0.00      0.00      0.00    100.00
12:58:07 AM      35      0.00      0.00      0.00      0.00      0.00    100.00
12:58:07 AM      36      0.00      0.00      0.00      0.00      0.00    100.00
12:58:07 AM      37      0.00      0.00      0.00      0.00      0.00    100.00
12:58:07 AM      38      0.00      0.00      0.00      0.00      0.00    100.00
12:58:07 AM      39      0.00      0.00      0.00      0.00      0.00    100.00
12:58:07 AM      40      0.00      0.00      0.00      0.00      0.00    100.00
12:58:07 AM      41      0.00      0.00      0.00      0.00      0.00    100.00
12:58:07 AM      42      0.00      0.00      0.00      0.00      0.00    100.00
12:58:07 AM      43      0.00      0.00      0.00      0.00      0.00    100.00
12:58:07 AM      44      0.00      0.00      0.00      0.00      0.00    100.00
12:58:07 AM      45      0.00      0.00      0.00      0.00      0.00    100.00
12:58:07 AM      46      0.00      0.00      0.00      0.00      0.00    100.00
12:58:07 AM      47      0.00      0.00      0.00      0.00      0.00    100.00

12:58:07 AM     CPU     %user     %nice   %system   %iowait    %steal     %idle
12:58:08 AM     all      0.32      0.00      1.57      0.00      0.00     98.12
12:58:08 AM       0     14.00      0.00     74.00      0.00      0.00     12.00
12:58:08 AM       1      0.00      0.00      0.00      0.00      0.00    100.00
12:58:08 AM       2      0.00      0.00      0.00      0.00      0.00    100.00
12:58:08 AM       3      0.00      0.00      0.00      0.00      0.00    100.00
12:58:08 AM       4      0.00      0.00      0.00      0.00      0.00    100.00
12:58:08 AM       5      0.00      0.00      0.00      0.00      0.00    100.00
12:58:08 AM       6      0.00      0.00      0.00      0.00      0.00    100.00
12:58:08 AM       7      0.00      0.00      0.00      0.00      0.00    100.00
12:58:08 AM       8      0.00      0.00      0.00      0.00      0.00    100.00
12:58:08 AM       9      0.00      0.00      0.00      0.00      0.00    100.00
12:58:08 AM      10      0.00      0.00      0.00      0.00      0.00    100.00
12:58:08 AM      11      0.00      0.00      0.00      0.00      0.00    100.00
12:58:08 AM      12      0.00      0.00      0.00      0.00      0.00    100.00
12:58:08 AM      13      0.00      0.00      0.00      0.00      0.00    100.00
12:58:08 AM      14      0.00      0.00      0.00      0.00      0.00    100.00
12:58:08 AM      15      0.00      0.00      0.00      0.00      0.00    100.00
12:58:08 AM      16      0.00      0.00      0.00      0.00      0.00    100.00
12:58:08 AM      17      0.00      0.00      0.00      0.00      0.00    100.00
12:58:08 AM      18      0.00      0.00      0.00      0.00      0.00    100.00
12:58:08 AM      19      0.00      0.00      0.00      0.00      0.00    100.00
12:58:08 AM      20      0.00      0.00      0.00      0.00      0.00    100.00
12:58:08 AM      21      0.00      0.00      0.00      0.00      0.00    100.00
12:58:08 AM      22      0.00      0.00      0.00      0.00      0.00    100.00
12:58:08 AM      23      0.00      0.00      0.00      0.00      0.00    100.00
12:58:08 AM      24      0.00      0.00      0.00      0.00      0.00    100.00
12:58:08 AM      25      0.00      0.00      0.00      0.00      0.00    100.00
12:58:08 AM      26      0.00      0.00      0.00      0.00      0.00    100.00
12:58:08 AM      27      0.00      0.00      0.00      0.00      0.00    100.00
12:58:08 AM      28      0.00      0.00      0.00      0.00      0.00    100.00
12:58:08 AM      29      0.00      0.00      0.00      0.00      0.00    100.00
12:58:08 AM      30      0.00      0.00      0.00      0.00      0.00    100.00
12:58:08 AM      31      0.00      0.00      0.00      0.00      0.00    100.00
12:58:08 AM      32      0.00      0.00      0.00      0.00      0.00    100.00
12:58:08 AM      33      0.00      0.00      0.00      0.00      0.00    100.00
12:58:08 AM      34      0.00      0.00      0.00      0.00      0.00    100.00
12:58:08 AM      35      0.00      0.00      0.00      0.00      0.00    100.00
12:58:08 AM      36      0.00      0.00      0.00      0.00      0.00    100.00
12:58:08 AM      37      0.00      0.00      0.00      0.00      0.00    100.00
12:58:08 AM      38      0.00      0.00      0.00      0.00      0.00    100.00
12:58:08 AM      39      0.00      0.00      0.00      0.00      0.00    100.00
12:58:08 AM      40      0.00      0.00      0.00      0.00      0.00    100.00
12:58:08 AM      41      0.00      0.00      0.00      0.00      0.00    100.00
12:58:08 AM      42      0.00      0.00      0.00      0.00      0.00    100.00
12:58:08 AM      43      0.00      0.00      0.00      0.00      0.00    100.00
12:58:08 AM      44      0.00      0.00      0.00      0.00      0.00    100.00
12:58:08 AM      45      0.00      0.00      0.00      0.00      0.00    100.00
12:58:08 AM      46      0.00      0.00      0.00      0.00      0.00    100.00
12:58:08 AM      47      0.00      0.00      0.00      0.00      0.00    100.00

12:58:08 AM     CPU     %user     %nice   %system   %iowait    %steal     %idle
12:58:09 AM     all      0.23      0.00      1.67      0.00      0.00     98.10
12:58:09 AM       0     10.89      0.00     76.24      0.00      0.00     12.87
12:58:09 AM       1      0.00      0.00      0.00      0.00      0.00    100.00
12:58:09 AM       2      0.00      0.00      0.00      0.00      0.00    100.00
12:58:09 AM       3      0.00      0.00      0.00      0.00      0.00    100.00
12:58:09 AM       4      0.00      0.00      0.00      0.00      0.00    100.00
12:58:09 AM       5      0.00      0.00      0.00      0.00      0.00    100.00
12:58:09 AM       6      0.00      0.00      0.00      0.00      0.00    100.00
12:58:09 AM       7      0.00      0.00      0.00      0.00      0.00    100.00
12:58:09 AM       8      0.00      0.00      3.85      0.00      0.00     96.15
12:58:09 AM       9      0.00      0.00      0.00      0.00      0.00    100.00
12:58:09 AM      10      0.00      0.00      0.00      0.00      0.00    100.00
12:58:09 AM      11      0.00      0.00      0.00      0.00      0.00    100.00
12:58:09 AM      12      0.00      0.00      0.00      0.00      0.00    100.00
12:58:09 AM      13      0.00      0.00      0.00      0.00      0.00    100.00
12:58:09 AM      14      0.00      0.00      0.00      0.00      0.00    100.00
12:58:09 AM      15      0.00      0.00      0.00      0.00      0.00    100.00
12:58:09 AM      16      0.00      0.00      0.00      0.00      0.00    100.00
12:58:09 AM      17      0.00      0.00      0.00      0.00      0.00    100.00
12:58:09 AM      18      0.00      0.00      0.00      0.00      0.00    100.00
12:58:09 AM      19      0.00      0.00      0.00      0.00      0.00    100.00
12:58:09 AM      20      0.00      0.00      0.00      0.00      0.00    100.00
12:58:09 AM      21      0.00      0.00      0.00      0.00      0.00    100.00
12:58:09 AM      22      0.00      0.00      0.00      0.00      0.00    100.00
12:58:09 AM      23      0.00      0.00      0.00      0.00      0.00    100.00
12:58:09 AM      24      0.00      0.00      0.00      0.00      0.00    100.00
12:58:09 AM      25      0.00      0.00      1.00      0.00      0.00     99.00
12:58:09 AM      26      0.00      0.00      0.00      0.00      0.00    100.00
12:58:09 AM      27      0.00      0.00      0.00      0.00      0.00    100.00
12:58:09 AM      28      0.00      0.00      0.00      0.00      0.00    100.00
12:58:09 AM      29      0.00      0.00      0.00      0.00      0.00    100.00
12:58:09 AM      30      0.00      0.00      0.00      0.00      0.00    100.00
12:58:09 AM      31      0.00      0.00      0.00      0.00      0.00    100.00
12:58:09 AM      32      0.00      0.00      0.00      0.00      0.00    100.00
12:58:09 AM      33      0.00      0.00      0.00      0.00      0.00    100.00
12:58:09 AM      34      0.00      0.00      0.00      0.00      0.00    100.00
12:58:09 AM      35      0.00      0.00      0.00      0.00      0.00    100.00
12:58:09 AM      36      0.00      0.00      0.00      0.00      0.00    100.00
12:58:09 AM      37      0.00      0.00      0.00      0.00      0.00    100.00
12:58:09 AM      38      0.00      0.00      0.00      0.00      0.00    100.00
12:58:09 AM      39      0.00      0.00      0.00      0.00      0.00    100.00
12:58:09 AM      40      0.00      0.00      0.00      0.00      0.00    100.00
12:58:09 AM      41      0.00      0.00      0.00      0.00      0.00    100.00
12:58:09 AM      42      0.00      0.00      0.00      0.00      0.00    100.00
12:58:09 AM      43      0.00      0.00      0.00      0.00      0.00    100.00
12:58:09 AM      44      0.00      0.00      0.00      0.00      0.00    100.00
12:58:09 AM      45      0.00      0.00      0.00      0.00      0.00    100.00
12:58:09 AM      46      0.00      0.00      0.00      0.00      0.00    100.00
12:58:09 AM      47      0.00      0.00      0.00      0.00      0.00    100.00

12:58:09 AM     CPU     %user     %nice   %system   %iowait    %steal     %idle
12:58:10 AM     all      0.30      0.00      1.59      0.00      0.00     98.12
12:58:10 AM       0     14.00      0.00     74.00      0.00      0.00     12.00
12:58:10 AM       1      0.00      0.00      0.00      0.00      0.00    100.00
12:58:10 AM       2      0.00      0.00      0.00      0.00      0.00    100.00
12:58:10 AM       3      0.00      0.00      0.00      0.00      0.00    100.00
12:58:10 AM       4      0.00      0.00      0.00      0.00      0.00    100.00
12:58:10 AM       5      0.00      0.00      0.00      0.00      0.00    100.00
12:58:10 AM       6      0.00      0.00      0.00      0.00      0.00    100.00
12:58:10 AM       7      0.00      0.00      0.00      0.00      0.00    100.00
12:58:10 AM       8      0.00      0.00      0.00      0.00      0.00    100.00
12:58:10 AM       9      0.00      0.00      0.00      0.00      0.00    100.00
12:58:10 AM      10      0.00      0.00      0.00      0.00      0.00    100.00
12:58:10 AM      11      0.00      0.00      0.00      0.00      0.00    100.00
12:58:10 AM      12      0.00      0.00      0.00      0.00      0.00    100.00
12:58:10 AM      13      0.00      0.00      0.00      0.00      0.00    100.00
12:58:10 AM      14      0.00      0.00      0.00      0.00      0.00    100.00
12:58:10 AM      15      0.00      0.00      0.00      0.00      0.00    100.00
12:58:10 AM      16      0.00      0.00      0.00      0.00      0.00    100.00
12:58:10 AM      17      0.00      0.00      0.00      0.00      0.00    100.00
12:58:10 AM      18      0.00      0.00      0.00      0.00      0.00    100.00
12:58:10 AM      19      0.00      0.00      0.00      0.00      0.00    100.00
12:58:10 AM      20      0.00      0.00      0.00      0.00      0.00    100.00
12:58:10 AM      21      0.00      0.00      0.00      0.00      0.00    100.00
12:58:10 AM      22      0.00      0.00      0.00      0.00      0.00    100.00
12:58:10 AM      23      0.00      0.00      0.00      0.00      0.00    100.00
12:58:10 AM      24      0.00      0.00      0.00      0.00      0.00    100.00
12:58:10 AM      25      0.00      0.00      0.99      0.00      0.00     99.01
12:58:10 AM      26      0.00      0.00      0.00      0.00      0.00    100.00
12:58:10 AM      27      0.00      0.00      0.00      0.00      0.00    100.00
12:58:10 AM      28      0.00      0.00      0.00      0.00      0.00    100.00
12:58:10 AM      29      0.00      0.00      0.00      0.00      0.00    100.00
12:58:10 AM      30      0.00      0.00      0.00      0.00      0.00    100.00
12:58:10 AM      31      0.00      0.00      0.00      0.00      0.00    100.00
12:58:10 AM      32      0.00      0.00      0.00      0.00      0.00    100.00
12:58:10 AM      33      0.00      0.00      0.00      0.00      0.00    100.00
12:58:10 AM      34      0.00      0.00      0.00      0.00      0.00    100.00
12:58:10 AM      35      0.00      0.00      0.00      0.00      0.00    100.00
12:58:10 AM      36      0.00      0.00      0.00      0.00      0.00    100.00
12:58:10 AM      37      0.00      0.00      0.00      0.00      0.00    100.00
12:58:10 AM      38      0.00      0.00      0.00      0.00      0.00    100.00
12:58:10 AM      39      0.00      0.00      0.00      0.00      0.00    100.00
12:58:10 AM      40      0.00      0.00      0.00      0.00      0.00    100.00
12:58:10 AM      41      0.00      0.00      0.00      0.00      0.00    100.00
12:58:10 AM      42      0.00      0.00      0.00      0.00      0.00    100.00
12:58:10 AM      43      0.00      0.00      0.00      0.00      0.00    100.00
12:58:10 AM      44      0.00      0.00      0.00      0.00      0.00    100.00
12:58:10 AM      45      0.00      0.00      0.00      0.00      0.00    100.00
12:58:10 AM      46      0.00      0.00      0.00      0.00      0.00    100.00
12:58:10 AM      47      0.00      0.00      0.00      0.00      0.00    100.00

12:58:10 AM     CPU     %user     %nice   %system   %iowait    %steal     %idle
12:58:11 AM     all      0.30      0.00      1.55      0.06      0.00     98.09
12:58:11 AM       0     14.00      0.00     73.00      0.00      0.00     13.00
12:58:11 AM       1      0.00      0.00      0.00      4.00      0.00     96.00
12:58:11 AM       2      0.00      0.00      0.00      0.00      0.00    100.00
12:58:11 AM       3      0.00      0.00      0.00      0.00      0.00    100.00
12:58:11 AM       4      0.00      0.00      0.00      0.00      0.00    100.00
12:58:11 AM       5      0.00      0.00      0.00      0.00      0.00    100.00
12:58:11 AM       6      0.00      0.00      0.00      0.00      0.00    100.00
12:58:11 AM       7      0.00      0.00      0.00      0.00      0.00    100.00
12:58:11 AM       8      0.00      0.00      0.00      0.00      0.00    100.00
12:58:11 AM       9      0.00      0.00      0.00      0.00      0.00    100.00
12:58:11 AM      10      0.00      0.00      0.00      0.00      0.00    100.00
12:58:11 AM      11      0.00      0.00      0.00      0.00      0.00    100.00
12:58:11 AM      12      0.00      0.00      0.00      0.00      0.00    100.00
12:58:11 AM      13      0.00      0.00      0.00      0.00      0.00    100.00
12:58:11 AM      14      0.00      0.00      0.00      0.00      0.00    100.00
12:58:11 AM      15      0.00      0.00      0.00      0.00      0.00    100.00
12:58:11 AM      16      0.00      0.00      0.00      0.00      0.00    100.00
12:58:11 AM      17      0.00      0.00      0.00      0.00      0.00    100.00
12:58:11 AM      18      0.00      0.00      0.00      0.00      0.00    100.00
12:58:11 AM      19      0.00      0.00      0.00      0.00      0.00    100.00
12:58:11 AM      20      0.00      0.00      0.00      0.00      0.00    100.00
12:58:11 AM      21      0.00      0.00      0.00      0.00      0.00    100.00
12:58:11 AM      22      0.00      0.00      0.00      0.00      0.00    100.00
12:58:11 AM      23      0.00      0.00      0.00      0.00      0.00    100.00
12:58:11 AM      24      0.00      0.00      0.00      0.00      0.00    100.00
12:58:11 AM      25      0.00      0.00      1.00      0.00      0.00     99.00
12:58:11 AM      26      0.00      0.00      0.00      0.00      0.00    100.00
12:58:11 AM      27      0.00      0.00      0.00      0.00      0.00    100.00
12:58:11 AM      28      0.00      0.00      0.00      0.00      0.00    100.00
12:58:11 AM      29      0.00      0.00      0.00      0.00      0.00    100.00
12:58:11 AM      30      0.00      0.00      0.00      0.00      0.00    100.00
12:58:11 AM      31      0.00      0.00      0.00      0.00      0.00    100.00
12:58:11 AM      32      0.00      0.00      0.00      0.00      0.00    100.00
12:58:11 AM      33      0.00      0.00      0.00      0.00      0.00    100.00
12:58:11 AM      34      0.00      0.00      0.00      0.00      0.00    100.00
12:58:11 AM      35      0.00      0.00      0.00      0.00      0.00    100.00
12:58:11 AM      36      0.00      0.00      0.00      0.00      0.00    100.00
12:58:11 AM      37      0.00      0.00      0.00      0.00      0.00    100.00
12:58:11 AM      38      0.00      0.00      0.00      0.00      0.00    100.00
12:58:11 AM      39      0.00      0.00      0.00      0.00      0.00    100.00
12:58:11 AM      40      0.00      0.00      0.00      0.00      0.00    100.00
12:58:11 AM      41      0.00      0.00      0.00      0.00      0.00    100.00
12:58:11 AM      42      0.00      0.00      0.00      0.00      0.00    100.00
12:58:11 AM      43      0.00      0.00      0.00      0.00      0.00    100.00
12:58:11 AM      44      0.00      0.00      0.00      0.00      0.00    100.00
12:58:11 AM      45      0.00      0.00      0.00      0.00      0.00    100.00
12:58:11 AM      46      0.00      0.00      0.00      0.00      0.00    100.00
12:58:11 AM      47      0.00      0.00      0.00      0.00      0.00    100.00

12:58:11 AM     CPU     %user     %nice   %system   %iowait    %steal     %idle
12:58:12 AM     all      0.21      0.00      1.55      0.00      0.00     98.24
12:58:12 AM       0     10.42      0.00     73.96      0.00      0.00     15.62
12:58:12 AM       1      0.00      0.00      0.00      0.00      0.00    100.00
12:58:12 AM       2      0.00      0.00      0.00      0.00      0.00    100.00
12:58:12 AM       3      0.00      0.00      0.00      0.00      0.00    100.00
12:58:12 AM       4      0.00      0.00      0.00      0.00      0.00    100.00
12:58:12 AM       5      0.00      0.00      0.00      0.00      0.00    100.00
12:58:12 AM       6      0.00      0.00      0.00      0.00      0.00    100.00
12:58:12 AM       7      0.00      0.00      0.00      0.00      0.00    100.00
12:58:12 AM       8      0.00      0.00      0.00      0.00      0.00    100.00
12:58:12 AM       9      0.00      0.00      0.00      0.00      0.00    100.00
12:58:12 AM      10      0.00      0.00      0.00      0.00      0.00    100.00
12:58:12 AM      11      0.00      0.00      0.00      0.00      0.00    100.00
12:58:12 AM      12      0.00      0.00      0.00      0.00      0.00    100.00
12:58:12 AM      13      0.00      0.00      0.00      0.00      0.00    100.00
12:58:12 AM      14      0.00      0.00      0.00      0.00      0.00    100.00
12:58:12 AM      15      0.00      0.00      0.00      0.00      0.00    100.00
12:58:12 AM      16      0.00      0.00      0.00      0.00      0.00    100.00
12:58:12 AM      17      0.00      0.00      0.00      0.00      0.00    100.00
12:58:12 AM      18      0.00      0.00      0.00      0.00      0.00    100.00
12:58:12 AM      19      0.00      0.00      0.00      0.00      0.00    100.00
12:58:12 AM      20      0.00      0.00      0.00      0.00      0.00    100.00
12:58:12 AM      21      0.00      0.00      0.00      0.00      0.00    100.00
12:58:12 AM      22      0.00      0.00      0.00      0.00      0.00    100.00
12:58:12 AM      23      0.00      0.00      0.00      0.00      0.00    100.00
12:58:12 AM      24      0.00      0.00      0.00      0.00      0.00    100.00
12:58:12 AM      25      0.00      0.00      0.00      0.00      0.00    100.00
12:58:12 AM      26      0.00      0.00      0.00      0.00      0.00    100.00
12:58:12 AM      27      0.00      0.00      0.00      0.00      0.00    100.00
12:58:12 AM      28      0.00      0.00      0.00      0.00      0.00    100.00
12:58:12 AM      29      0.00      0.00      0.00      0.00      0.00    100.00
12:58:12 AM      30      0.00      0.00      0.00      0.00      0.00    100.00
12:58:12 AM      31      0.00      0.00      0.00      0.00      0.00    100.00
12:58:12 AM      32      0.00      0.00      0.00      0.00      0.00    100.00
12:58:12 AM      33      0.00      0.00      0.00      0.00      0.00    100.00
12:58:12 AM      34      0.00      0.00      0.00      0.00      0.00    100.00
12:58:12 AM      35      0.00      0.00      0.00      0.00      0.00    100.00
12:58:12 AM      36      0.00      0.00      0.00      0.00      0.00    100.00
12:58:12 AM      37      0.00      0.00      0.00      0.00      0.00    100.00
12:58:12 AM      38      0.00      0.00      0.00      0.00      0.00    100.00
12:58:12 AM      39      0.00      0.00      0.00      0.00      0.00    100.00
12:58:12 AM      40      0.00      0.00      0.00      0.00      0.00    100.00
12:58:12 AM      41      0.00      0.00      0.00      0.00      0.00    100.00
12:58:12 AM      42      0.00      0.00      0.00      0.00      0.00    100.00
12:58:12 AM      43      0.00      0.00      0.00      0.00      0.00    100.00
12:58:12 AM      44      0.00      0.00      0.00      0.00      0.00    100.00
12:58:12 AM      45      0.00      0.00      0.00      0.00      0.00    100.00
12:58:12 AM      46      0.00      0.00      0.00      0.00      0.00    100.00
12:58:12 AM      47      0.00      0.00      0.00      0.00      0.00    100.00

12:58:12 AM     CPU     %user     %nice   %system   %iowait    %steal     %idle
12:58:13 AM     all      0.08      0.00      0.42      0.00      0.00     99.50
12:58:13 AM       0      4.04      0.00     19.19      0.00      0.00     76.77
12:58:13 AM       1      0.00      0.00      0.00      0.00      0.00    100.00
12:58:13 AM       2      0.00      0.00      0.00      0.00      0.00    100.00
12:58:13 AM       3      0.00      0.00      0.00      0.00      0.00    100.00
12:58:13 AM       4      0.00      0.00      0.00      0.00      0.00    100.00
12:58:13 AM       5      0.00      0.00      0.00      0.00      0.00    100.00
12:58:13 AM       6      0.00      0.00      0.00      0.00      0.00    100.00
12:58:13 AM       7      0.00      0.00      0.00      0.00      0.00    100.00
12:58:13 AM       8      0.00      0.00      1.22      0.00      0.00     98.78
12:58:13 AM       9      0.00      0.00      0.00      0.00      0.00    100.00
12:58:13 AM      10      0.00      0.00      0.00      0.00      0.00    100.00
12:58:13 AM      11      0.00      0.00      0.00      0.00      0.00    100.00
12:58:13 AM      12      0.00      0.00      0.00      0.00      0.00    100.00
12:58:13 AM      13      0.00      0.00      0.00      0.00      0.00    100.00
12:58:13 AM      14      0.00      0.00      0.00      0.00      0.00    100.00
12:58:13 AM      15      0.00      0.00      0.00      0.00      0.00    100.00
12:58:13 AM      16      0.00      0.00      0.00      0.00      0.00    100.00
12:58:13 AM      17      0.00      0.00      0.00      0.00      0.00    100.00
12:58:13 AM      18      0.00      0.00      0.00      0.00      0.00    100.00
12:58:13 AM      19      0.00      0.00      0.00      0.00      0.00    100.00
12:58:13 AM      20      0.00      0.00      0.00      0.00      0.00    100.00
12:58:13 AM      21      0.00      0.00      0.00      0.00      0.00    100.00
12:58:13 AM      22      0.00      0.00      0.00      0.00      0.00    100.00
12:58:13 AM      23      0.00      0.00      0.00      0.00      0.00    100.00
12:58:13 AM      24      0.00      0.00      0.00      0.00      0.00    100.00
12:58:13 AM      25      0.00      0.00      1.00      0.00      0.00     99.00
12:58:13 AM      26      0.00      0.00      0.00      0.00      0.00    100.00
12:58:13 AM      27      0.00      0.00      0.00      0.00      0.00    100.00
12:58:13 AM      28      0.00      0.00      0.00      0.00      0.00    100.00
12:58:13 AM      29      0.00      0.00      0.00      0.00      0.00    100.00
12:58:13 AM      30      0.00      0.00      0.00      0.00      0.00    100.00
12:58:13 AM      31      0.00      0.00      0.00      0.00      0.00    100.00
12:58:13 AM      32      0.00      0.00      0.00      0.00      0.00    100.00
12:58:13 AM      33      0.00      0.00      0.00      0.00      0.00    100.00
12:58:13 AM      34      0.00      0.00      0.00      0.00      0.00    100.00
12:58:13 AM      35      0.00      0.00      0.00      0.00      0.00    100.00
12:58:13 AM      36      0.00      0.00      0.00      0.00      0.00    100.00
12:58:13 AM      37      0.00      0.00      0.00      0.00      0.00    100.00
12:58:13 AM      38      0.00      0.00      0.00      0.00      0.00    100.00
12:58:13 AM      39      0.00      0.00      0.00      0.00      0.00    100.00
12:58:13 AM      40      0.00      0.00      0.00      0.00      0.00    100.00
12:58:13 AM      41      0.00      0.00      0.00      0.00      0.00    100.00
12:58:13 AM      42      0.00      0.00      0.00      0.00      0.00    100.00
12:58:13 AM      43      0.00      0.00      0.00      0.00      0.00    100.00
12:58:13 AM      44      0.00      0.00      0.00      0.00      0.00    100.00
12:58:13 AM      45      0.00      0.00      0.00      0.00      0.00    100.00
12:58:13 AM      46      0.00      0.00      0.00      0.00      0.00    100.00
12:58:13 AM      47      0.00      0.00      0.00      0.00      0.00    100.00

12:58:13 AM     CPU     %user     %nice   %system   %iowait    %steal     %idle
12:58:14 AM     all      0.00      0.00      0.02      0.00      0.00     99.98
12:58:14 AM       0      0.00      0.00      0.00      0.00      0.00    100.00
12:58:14 AM       1      0.00      0.00      0.00      0.00      0.00    100.00
12:58:14 AM       2      0.00      0.00      0.00      0.00      0.00    100.00
12:58:14 AM       3      0.00      0.00      0.00      0.00      0.00    100.00
12:58:14 AM       4      0.00      0.00      0.00      0.00      0.00    100.00
12:58:14 AM       5      0.00      0.00      0.00      0.00      0.00    100.00
12:58:14 AM       6      0.00      0.00      0.00      0.00      0.00    100.00
12:58:14 AM       7      0.00      0.00      0.00      0.00      0.00    100.00
12:58:14 AM       8      0.00      0.00      0.00      0.00      0.00    100.00
12:58:14 AM       9      0.00      0.00      0.00      0.00      0.00    100.00
12:58:14 AM      10      0.00      0.00      0.00      0.00      0.00    100.00
12:58:14 AM      11      0.00      0.00      0.00      0.00      0.00    100.00
12:58:14 AM      12      0.00      0.00      0.00      0.00      0.00    100.00
12:58:14 AM      13      0.00      0.00      0.00      0.00      0.00    100.00
12:58:14 AM      14      0.00      0.00      0.00      0.00      0.00    100.00
12:58:14 AM      15      0.00      0.00      0.00      0.00      0.00    100.00
12:58:14 AM      16      0.00      0.00      0.00      0.00      0.00    100.00
12:58:14 AM      17      0.00      0.00      0.00      0.00      0.00    100.00
12:58:14 AM      18      0.00      0.00      0.00      0.00      0.00    100.00
12:58:14 AM      19      0.00      0.00      0.00      0.00      0.00    100.00
12:58:14 AM      20      0.00      0.00      0.00      0.00      0.00    100.00
12:58:14 AM      21      0.00      0.00      0.00      0.00      0.00    100.00
12:58:14 AM      22      0.00      0.00      0.00      0.00      0.00    100.00
12:58:14 AM      23      0.00      0.00      0.00      0.00      0.00    100.00
12:58:14 AM      24      0.00      0.00      0.00      0.00      0.00    100.00
12:58:14 AM      25      0.00      0.00      1.00      0.00      0.00     99.00
12:58:14 AM      26      0.00      0.00      0.00      0.00      0.00    100.00
12:58:14 AM      27      0.00      0.00      0.00      0.00      0.00    100.00
12:58:14 AM      28      0.00      0.00      0.00      0.00      0.00    100.00
12:58:14 AM      29      0.00      0.00      0.00      0.00      0.00    100.00
12:58:14 AM      30      0.00      0.00      0.00      0.00      0.00    100.00
12:58:14 AM      31      0.00      0.00      0.00      0.00      0.00    100.00
12:58:14 AM      32      0.00      0.00      0.00      0.00      0.00    100.00
12:58:14 AM      33      0.00      0.00      0.00      0.00      0.00    100.00
12:58:14 AM      34      0.00      0.00      0.00      0.00      0.00    100.00
12:58:14 AM      35      0.00      0.00      0.00      0.00      0.00    100.00
12:58:14 AM      36      0.00      0.00      0.00      0.00      0.00    100.00
12:58:14 AM      37      0.00      0.00      0.00      0.00      0.00    100.00
12:58:14 AM      38      0.00      0.00      0.00      0.00      0.00    100.00
12:58:14 AM      39      0.00      0.00      0.00      0.00      0.00    100.00
12:58:14 AM      40      0.00      0.00      0.00      0.00      0.00    100.00
12:58:14 AM      41      0.00      0.00      0.00      0.00      0.00    100.00
12:58:14 AM      42      0.00      0.00      0.00      0.00      0.00    100.00
12:58:14 AM      43      0.00      0.00      0.00      0.00      0.00    100.00
12:58:14 AM      44      0.00      0.00      0.00      0.00      0.00    100.00
12:58:14 AM      45      0.00      0.00      0.00      0.00      0.00    100.00
12:58:14 AM      46      0.00      0.00      0.00      0.00      0.00    100.00
12:58:14 AM      47      0.00      0.00      0.00      0.00      0.00    100.00

12:58:14 AM     CPU     %user     %nice   %system   %iowait    %steal     %idle
12:58:15 AM     all      0.00      0.00      0.02      0.00      0.00     99.98
12:58:15 AM       0      0.00      0.00      0.00      0.00      0.00    100.00
12:58:15 AM       1      0.00      0.00      0.00      0.00      0.00    100.00
12:58:15 AM       2      0.00      0.00      0.00      0.00      0.00    100.00
12:58:15 AM       3      0.00      0.00      0.00      0.00      0.00    100.00
12:58:15 AM       4      0.00      0.00      0.00      0.00      0.00    100.00
12:58:15 AM       5      0.00      0.00      0.00      0.00      0.00    100.00
12:58:15 AM       6      0.00      0.00      0.00      0.00      0.00    100.00
12:58:15 AM       7      0.00      0.00      0.00      0.00      0.00    100.00
12:58:15 AM       8      0.00      0.00      0.00      0.00      0.00    100.00
12:58:15 AM       9      0.00      0.00      0.00      0.00      0.00    100.00
12:58:15 AM      10      0.00      0.00      0.00      0.00      0.00    100.00
12:58:15 AM      11      0.00      0.00      0.00      0.00      0.00    100.00
12:58:15 AM      12      0.00      0.00      0.00      0.00      0.00    100.00
12:58:15 AM      13      0.00      0.00      0.00      0.00      0.00    100.00
12:58:15 AM      14      0.00      0.00      0.00      0.00      0.00    100.00
12:58:15 AM      15      0.00      0.00      0.00      0.00      0.00    100.00
12:58:15 AM      16      0.00      0.00      0.00      0.00      0.00    100.00
12:58:15 AM      17      0.00      0.00      0.00      0.00      0.00    100.00
12:58:15 AM      18      0.00      0.00      0.00      0.00      0.00    100.00
12:58:15 AM      19      0.00      0.00      0.00      0.00      0.00    100.00
12:58:15 AM      20      0.00      0.00      0.00      0.00      0.00    100.00
12:58:15 AM      21      0.00      0.00      0.00      0.00      0.00    100.00
12:58:15 AM      22      0.00      0.00      0.00      0.00      0.00    100.00
12:58:15 AM      23      0.00      0.00      0.00      0.00      0.00    100.00
12:58:15 AM      24      0.00      0.00      0.00      0.00      0.00    100.00
12:58:15 AM      25      0.00      0.00      1.00      0.00      0.00     99.00
12:58:15 AM      26      0.00      0.00      0.00      0.00      0.00    100.00
12:58:15 AM      27      0.00      0.00      0.00      0.00      0.00    100.00
12:58:15 AM      28      0.00      0.00      0.00      0.00      0.00    100.00
12:58:15 AM      29      0.00      0.00      0.00      0.00      0.00    100.00
12:58:15 AM      30      0.00      0.00      0.00      0.00      0.00    100.00
12:58:15 AM      31      0.00      0.00      0.00      0.00      0.00    100.00
12:58:15 AM      32      0.00      0.00      0.00      0.00      0.00    100.00
12:58:15 AM      33      0.00      0.00      0.00      0.00      0.00    100.00
12:58:15 AM      34      0.00      0.00      0.00      0.00      0.00    100.00
12:58:15 AM      35      0.00      0.00      0.00      0.00      0.00    100.00
12:58:15 AM      36      0.00      0.00      0.00      0.00      0.00    100.00
12:58:15 AM      37      0.00      0.00      0.00      0.00      0.00    100.00
12:58:15 AM      38      0.00      0.00      0.00      0.00      0.00    100.00
12:58:15 AM      39      0.00      0.00      0.00      0.00      0.00    100.00
12:58:15 AM      40      0.00      0.00      0.00      0.00      0.00    100.00
12:58:15 AM      41      0.00      0.00      0.00      0.00      0.00    100.00
12:58:15 AM      42      0.00      0.00      0.00      0.00      0.00    100.00
12:58:15 AM      43      0.00      0.00      0.00      0.00      0.00    100.00
12:58:15 AM      44      0.00      0.00      0.00      0.00      0.00    100.00
12:58:15 AM      45      0.00      0.00      0.00      0.00      0.00    100.00
12:58:15 AM      46      0.00      0.00      0.00      0.00      0.00    100.00
12:58:15 AM      47      0.00      0.00      0.00      0.00      0.00    100.00

Average:        CPU     %user     %nice   %system   %iowait    %steal     %idle
Average:        all      0.20      0.00      1.10      0.01      0.00     98.68
Average:          0      8.80      0.00     50.03      0.00      0.00     41.17
Average:          1      0.00      0.00      0.07      0.53      0.00     99.40
Average:          2      0.13      0.00      0.13      0.00      0.00     99.73
Average:          3      0.00      0.00      0.07      0.00      0.00     99.93
Average:          4      0.07      0.00      0.07      0.00      0.00     99.87
Average:          5      0.07      0.00      0.00      0.00      0.00     99.93
Average:          6      0.07      0.00      0.00      0.00      0.00     99.93
Average:          7      0.00      0.00      0.00      0.00      0.00    100.00
Average:          8      0.00      0.00      0.66      0.00      0.00     99.34
Average:          9      0.00      0.00      0.00      0.00      0.00    100.00
Average:         10      0.00      0.00      0.00      0.00      0.00    100.00
Average:         11      0.00      0.00      0.00      0.00      0.00    100.00
Average:         12      0.00      0.00      0.07      0.00      0.00     99.93
Average:         13      0.00      0.00      0.00      0.00      0.00    100.00
Average:         14      0.00      0.00      0.00      0.00      0.00    100.00
Average:         15      0.00      0.00      0.07      0.00      0.00     99.93
Average:         16      0.07      0.00      0.00      0.00      0.00     99.93
Average:         17      0.00      0.00      0.00      0.00      0.00    100.00
Average:         18      0.13      0.00      0.00      0.00      0.00     99.87
Average:         19      0.07      0.00      0.13      0.00      0.00     99.80
Average:         20      0.07      0.00      0.07      0.00      0.00     99.87
Average:         21      0.00      0.00      0.00      0.00      0.00    100.00
Average:         22      0.00      0.00      0.00      0.00      0.00    100.00
Average:         23      0.07      0.00      0.07      0.00      0.00     99.87
Average:         24      0.00      0.00      0.00      0.00      0.00    100.00
Average:         25      0.07      0.00      1.00      0.00      0.00     98.93
Average:         26      0.07      0.00      0.07      0.00      0.00     99.87
Average:         27      0.00      0.00      0.00      0.00      0.00    100.00
Average:         28      0.07      0.00      0.07      0.00      0.00     99.87
Average:         29      0.00      0.00      0.00      0.00      0.00    100.00
Average:         30      0.00      0.00      0.00      0.00      0.00    100.00
Average:         31      0.00      0.00      0.00      0.00      0.00    100.00
Average:         32      0.00      0.00      0.00      0.00      0.00    100.00
Average:         33      0.00      0.00      0.00      0.00      0.00    100.00
Average:         34      0.00      0.00      0.00      0.00      0.00    100.00
Average:         35      0.00      0.00      0.00      0.00      0.00    100.00
Average:         36      0.00      0.00      0.07      0.00      0.00     99.93
Average:         37      0.00      0.00      0.20      0.00      0.00     99.80
Average:         38      0.00      0.00      0.07      0.00      0.00     99.93
Average:         39      0.00      0.00      0.07      0.00      0.00     99.93
Average:         40      0.00      0.00      0.00      0.00      0.00    100.00
Average:         41      0.00      0.00      0.00      0.00      0.00    100.00
Average:         42      0.00      0.00      0.00      0.00      0.00    100.00
Average:         43      0.00      0.00      0.00      0.00      0.00    100.00
Average:         44      0.00      0.00      0.00      0.00      0.00    100.00
Average:         45      0.07      0.00      0.07      0.00      0.00     99.87
Average:         46      0.00      0.00      0.00      0.00      0.00    100.00
Average:         47      0.00      0.00      0.00      0.00      0.00    100.00
