Linux 3.10.0-514.el7.x86_64 (localhost.localdomain) 	02/24/2020 	_x86_64_	(48 CPU)

01:05:22 AM     CPU     %user     %nice   %system   %iowait    %steal     %idle
01:05:23 AM     all      0.00      0.00      0.02      0.00      0.00     99.98
01:05:23 AM       0      0.00      0.00      0.00      0.00      0.00    100.00
01:05:23 AM       1      0.00      0.00      0.00      0.00      0.00    100.00
01:05:23 AM       2      0.00      0.00      0.00      0.00      0.00    100.00
01:05:23 AM       3      0.00      0.00      0.00      0.00      0.00    100.00
01:05:23 AM       4      0.00      0.00      0.00      0.00      0.00    100.00
01:05:23 AM       5      0.00      0.00      0.00      0.00      0.00    100.00
01:05:23 AM       6      0.00      0.00      0.00      0.00      0.00    100.00
01:05:23 AM       7      0.00      0.00      0.00      0.00      0.00    100.00
01:05:23 AM       8      0.00      0.00      0.00      0.00      0.00    100.00
01:05:23 AM       9      0.00      0.00      0.00      0.00      0.00    100.00
01:05:23 AM      10      0.00      0.00      0.00      0.00      0.00    100.00
01:05:23 AM      11      0.00      0.00      0.00      0.00      0.00    100.00
01:05:23 AM      12      0.00      0.00      0.00      0.00      0.00    100.00
01:05:23 AM      13      0.00      0.00      0.00      0.00      0.00    100.00
01:05:23 AM      14      0.00      0.00      0.00      0.00      0.00    100.00
01:05:23 AM      15      0.00      0.00      0.00      0.00      0.00    100.00
01:05:23 AM      16      0.00      0.00      0.00      0.00      0.00    100.00
01:05:23 AM      17      0.00      0.00      0.00      0.00      0.00    100.00
01:05:23 AM      18      0.00      0.00      0.00      0.00      0.00    100.00
01:05:23 AM      19      0.00      0.00      0.00      0.00      0.00    100.00
01:05:23 AM      20      0.00      0.00      0.00      0.00      0.00    100.00
01:05:23 AM      21      0.00      0.00      0.00      0.00      0.00    100.00
01:05:23 AM      22      0.00      0.00      0.00      0.00      0.00    100.00
01:05:23 AM      23      0.00      0.00      0.00      0.00      0.00    100.00
01:05:23 AM      24      0.00      0.00      0.00      0.00      0.00    100.00
01:05:23 AM      25      0.00      0.00      0.00      0.00      0.00    100.00
01:05:23 AM      26      0.00      0.00      0.00      0.00      0.00    100.00
01:05:23 AM      27      0.00      0.00      0.00      0.00      0.00    100.00
01:05:23 AM      28      0.00      0.00      0.00      0.00      0.00    100.00
01:05:23 AM      29      0.00      0.00      0.00      0.00      0.00    100.00
01:05:23 AM      30      0.00      0.00      0.00      0.00      0.00    100.00
01:05:23 AM      31      0.00      0.00      0.00      0.00      0.00    100.00
01:05:23 AM      32      0.00      0.00      0.00      0.00      0.00    100.00
01:05:23 AM      33      0.00      0.00      0.00      0.00      0.00    100.00
01:05:23 AM      34      0.00      0.00      0.00      0.00      0.00    100.00
01:05:23 AM      35      0.00      0.00      0.00      0.00      0.00    100.00
01:05:23 AM      36      0.00      0.00      0.00      0.00      0.00    100.00
01:05:23 AM      37      0.00      0.00      1.98      0.00      0.00     98.02
01:05:23 AM      38      0.00      0.00      0.00      0.00      0.00    100.00
01:05:23 AM      39      0.00      0.00      0.00      0.00      0.00    100.00
01:05:23 AM      40      0.00      0.00      0.00      0.00      0.00    100.00
01:05:23 AM      41      0.00      0.00      0.00      0.00      0.00    100.00
01:05:23 AM      42      0.00      0.00      0.00      0.00      0.00    100.00
01:05:23 AM      43      0.00      0.00      0.00      0.00      0.00    100.00
01:05:23 AM      44      0.00      0.00      0.00      0.00      0.00    100.00
01:05:23 AM      45      0.00      0.00      0.00      0.00      0.00    100.00
01:05:23 AM      46      0.00      0.00      0.00      0.00      0.00    100.00
01:05:23 AM      47      0.00      0.00      0.00      0.00      0.00    100.00

01:05:23 AM     CPU     %user     %nice   %system   %iowait    %steal     %idle
01:05:24 AM     all      0.00      0.00      0.02      0.00      0.00     99.98
01:05:24 AM       0      0.00      0.00      0.00      0.00      0.00    100.00
01:05:24 AM       1      0.00      0.00      0.00      0.00      0.00    100.00
01:05:24 AM       2      0.00      0.00      0.00      0.00      0.00    100.00
01:05:24 AM       3      0.00      0.00      0.00      0.00      0.00    100.00
01:05:24 AM       4      0.00      0.00      0.00      0.00      0.00    100.00
01:05:24 AM       5      0.00      0.00      0.00      0.00      0.00    100.00
01:05:24 AM       6      0.00      0.00      0.00      0.00      0.00    100.00
01:05:24 AM       7      0.00      0.00      0.00      0.00      0.00    100.00
01:05:24 AM       8      0.00      0.00      0.00      0.00      0.00    100.00
01:05:24 AM       9      0.00      0.00      0.00      0.00      0.00    100.00
01:05:24 AM      10      0.00      0.00      0.00      0.00      0.00    100.00
01:05:24 AM      11      0.00      0.00      0.00      0.00      0.00    100.00
01:05:24 AM      12      0.00      0.00      0.00      0.00      0.00    100.00
01:05:24 AM      13      0.00      0.00      0.00      0.00      0.00    100.00
01:05:24 AM      14      0.00      0.00      0.00      0.00      0.00    100.00
01:05:24 AM      15      0.00      0.00      0.00      0.00      0.00    100.00
01:05:24 AM      16      0.00      0.00      0.00      0.00      0.00    100.00
01:05:24 AM      17      0.00      0.00      0.00      0.00      0.00    100.00
01:05:24 AM      18      0.00      0.00      0.00      0.00      0.00    100.00
01:05:24 AM      19      0.00      0.00      0.00      0.00      0.00    100.00
01:05:24 AM      20      0.00      0.00      0.00      0.00      0.00    100.00
01:05:24 AM      21      0.00      0.00      0.00      0.00      0.00    100.00
01:05:24 AM      22      0.00      0.00      0.00      0.00      0.00    100.00
01:05:24 AM      23      0.00      0.00      0.00      0.00      0.00    100.00
01:05:24 AM      24      0.00      0.00      0.00      0.00      0.00    100.00
01:05:24 AM      25      0.00      0.00      0.00      0.00      0.00    100.00
01:05:24 AM      26      0.00      0.00      0.00      0.00      0.00    100.00
01:05:24 AM      27      0.00      0.00      0.00      0.00      0.00    100.00
01:05:24 AM      28      0.00      0.00      0.00      0.00      0.00    100.00
01:05:24 AM      29      0.00      0.00      0.00      0.00      0.00    100.00
01:05:24 AM      30      0.00      0.00      0.00      0.00      0.00    100.00
01:05:24 AM      31      0.00      0.00      0.00      0.00      0.00    100.00
01:05:24 AM      32      0.00      0.00      0.00      0.00      0.00    100.00
01:05:24 AM      33      0.00      0.00      0.00      0.00      0.00    100.00
01:05:24 AM      34      0.00      0.00      0.00      0.00      0.00    100.00
01:05:24 AM      35      0.00      0.00      0.00      0.00      0.00    100.00
01:05:24 AM      36      0.00      0.00      0.00      0.00      0.00    100.00
01:05:24 AM      37      0.00      0.00      1.01      0.00      0.00     98.99
01:05:24 AM      38      0.00      0.00      0.00      0.00      0.00    100.00
01:05:24 AM      39      0.00      0.00      0.00      0.00      0.00    100.00
01:05:24 AM      40      0.00      0.00      0.00      0.00      0.00    100.00
01:05:24 AM      41      0.00      0.00      0.00      0.00      0.00    100.00
01:05:24 AM      42      0.00      0.00      0.00      0.00      0.00    100.00
01:05:24 AM      43      0.00      0.00      0.00      0.00      0.00    100.00
01:05:24 AM      44      0.00      0.00      0.00      0.00      0.00    100.00
01:05:24 AM      45      0.00      0.00      0.00      0.00      0.00    100.00
01:05:24 AM      46      0.00      0.00      0.00      0.00      0.00    100.00
01:05:24 AM      47      0.00      0.00      0.00      0.00      0.00    100.00

01:05:24 AM     CPU     %user     %nice   %system   %iowait    %steal     %idle
01:05:25 AM     all      0.40      0.00      1.13      0.00      0.00     98.47
01:05:25 AM       0     18.00      0.00     52.00      0.00      0.00     30.00
01:05:25 AM       1      0.00      0.00      0.00      0.00      0.00    100.00
01:05:25 AM       2      0.00      0.00      0.00      0.00      0.00    100.00
01:05:25 AM       3      0.00      0.00      0.00      0.00      0.00    100.00
01:05:25 AM       4      0.00      0.00      0.00      0.00      0.00    100.00
01:05:25 AM       5      0.00      0.00      0.00      0.00      0.00    100.00
01:05:25 AM       6      0.00      0.00      0.00      0.00      0.00    100.00
01:05:25 AM       7      0.00      0.00      0.00      0.00      0.00    100.00
01:05:25 AM       8      0.00      0.00      0.00      0.00      0.00    100.00
01:05:25 AM       9      0.00      0.00      0.00      0.00      0.00    100.00
01:05:25 AM      10      0.00      0.00      0.00      0.00      0.00    100.00
01:05:25 AM      11      0.00      0.00      0.00      0.00      0.00    100.00
01:05:25 AM      12      0.00      0.00      0.00      0.00      0.00    100.00
01:05:25 AM      13      0.00      0.00      1.00      0.00      0.00     99.00
01:05:25 AM      14      0.00      0.00      0.00      0.00      0.00    100.00
01:05:25 AM      15      0.00      0.00      0.00      0.00      0.00    100.00
01:05:25 AM      16      0.00      0.00      0.00      0.00      0.00    100.00
01:05:25 AM      17      0.00      0.00      0.00      0.00      0.00    100.00
01:05:25 AM      18      0.00      0.00      0.00      0.00      0.00    100.00
01:05:25 AM      19      0.00      0.00      0.00      0.00      0.00    100.00
01:05:25 AM      20      0.00      0.00      0.00      0.00      0.00    100.00
01:05:25 AM      21      0.00      0.00      0.00      0.00      0.00    100.00
01:05:25 AM      22      0.00      0.00      0.00      0.00      0.00    100.00
01:05:25 AM      23      0.00      0.00      0.00      0.00      0.00    100.00
01:05:25 AM      24      0.00      0.00      0.00      0.00      0.00    100.00
01:05:25 AM      25      0.00      0.00      0.00      0.00      0.00    100.00
01:05:25 AM      26      0.00      0.00      0.00      0.00      0.00    100.00
01:05:25 AM      27      0.00      0.00      0.00      0.00      0.00    100.00
01:05:25 AM      28      0.00      0.00      0.00      0.00      0.00    100.00
01:05:25 AM      29      0.00      0.00      0.00      0.00      0.00    100.00
01:05:25 AM      30      0.00      0.00      0.00      0.00      0.00    100.00
01:05:25 AM      31      0.00      0.00      0.00      0.00      0.00    100.00
01:05:25 AM      32      0.00      0.00      0.00      0.00      0.00    100.00
01:05:25 AM      33      0.00      0.00      0.00      0.00      0.00    100.00
01:05:25 AM      34      0.00      0.00      0.00      0.00      0.00    100.00
01:05:25 AM      35      0.00      0.00      0.00      0.00      0.00    100.00
01:05:25 AM      36      0.00      0.00      0.00      0.00      0.00    100.00
01:05:25 AM      37      0.00      0.00      0.00      0.00      0.00    100.00
01:05:25 AM      38      0.00      0.00      0.00      0.00      0.00    100.00
01:05:25 AM      39      0.00      0.00      0.00      0.00      0.00    100.00
01:05:25 AM      40      0.00      0.00      0.00      0.00      0.00    100.00
01:05:25 AM      41      0.00      0.00      0.00      0.00      0.00    100.00
01:05:25 AM      42      0.00      0.00      0.00      0.00      0.00    100.00
01:05:25 AM      43      0.00      0.00      0.00      0.00      0.00    100.00
01:05:25 AM      44      0.00      0.00      0.00      0.00      0.00    100.00
01:05:25 AM      45      0.00      0.00      0.00      0.00      0.00    100.00
01:05:25 AM      46      0.00      0.00      0.00      0.00      0.00    100.00
01:05:25 AM      47      0.00      0.00      0.00      0.00      0.00    100.00

01:05:25 AM     CPU     %user     %nice   %system   %iowait    %steal     %idle
01:05:26 AM     all      0.54      0.00      1.57      0.06      0.00     97.82
01:05:26 AM       0     25.74      0.00     73.27      0.00      0.00      0.99
01:05:26 AM       1      0.00      0.00      0.00      0.00      0.00    100.00
01:05:26 AM       2      0.00      0.00      0.00      0.00      0.00    100.00
01:05:26 AM       3      0.00      0.00      0.00      0.00      0.00    100.00
01:05:26 AM       4      0.00      0.00      0.00      0.00      0.00    100.00
01:05:26 AM       5      0.00      0.00      0.00      0.00      0.00    100.00
01:05:26 AM       6      0.00      0.00      0.00      0.00      0.00    100.00
01:05:26 AM       7      0.00      0.00      0.00      0.00      0.00    100.00
01:05:26 AM       8      0.00      0.00      0.00      0.00      0.00    100.00
01:05:26 AM       9      0.00      0.00      0.00      0.00      0.00    100.00
01:05:26 AM      10      0.00      0.00      0.00      0.00      0.00    100.00
01:05:26 AM      11      0.00      0.00      0.00      0.00      0.00    100.00
01:05:26 AM      12      0.00      0.00      0.00      0.00      0.00    100.00
01:05:26 AM      13      0.00      0.00      0.00      0.00      0.00    100.00
01:05:26 AM      14      0.00      0.00      0.00      0.00      0.00    100.00
01:05:26 AM      15      0.00      0.00      0.00      0.00      0.00    100.00
01:05:26 AM      16      0.00      0.00      0.00      0.00      0.00    100.00
01:05:26 AM      17      0.00      0.00      0.00      0.00      0.00    100.00
01:05:26 AM      18      0.00      0.00      0.00      0.00      0.00    100.00
01:05:26 AM      19      0.00      0.00      0.00      0.00      0.00    100.00
01:05:26 AM      20      0.00      0.00      0.00      0.00      0.00    100.00
01:05:26 AM      21      0.00      0.00      0.00      0.00      0.00    100.00
01:05:26 AM      22      0.00      0.00      0.00      0.00      0.00    100.00
01:05:26 AM      23      0.00      0.00      0.00      0.00      0.00    100.00
01:05:26 AM      24      0.00      0.00      0.00      0.00      0.00    100.00
01:05:26 AM      25      0.00      0.00      0.00      0.00      0.00    100.00
01:05:26 AM      26      0.00      0.00      0.00      0.00      0.00    100.00
01:05:26 AM      27      0.00      0.00      0.00      0.00      0.00    100.00
01:05:26 AM      28      0.00      0.00      0.00      0.00      0.00    100.00
01:05:26 AM      29      0.00      0.00      0.00      0.00      0.00    100.00
01:05:26 AM      30      0.00      0.00      0.00      0.00      0.00    100.00
01:05:26 AM      31      0.00      0.00      0.00      0.00      0.00    100.00
01:05:26 AM      32      0.00      0.00      0.00      0.00      0.00    100.00
01:05:26 AM      33      0.00      0.00      0.00      2.97      0.00     97.03
01:05:26 AM      34      0.00      0.00      0.00      0.00      0.00    100.00
01:05:26 AM      35      0.00      0.00      0.00      0.00      0.00    100.00
01:05:26 AM      36      0.00      0.00      0.00      0.00      0.00    100.00
01:05:26 AM      37      0.00      0.00      1.00      0.00      0.00     99.00
01:05:26 AM      38      0.00      0.00      0.00      0.00      0.00    100.00
01:05:26 AM      39      0.00      0.00      0.00      0.00      0.00    100.00
01:05:26 AM      40      0.00      0.00      0.00      0.00      0.00    100.00
01:05:26 AM      41      0.00      0.00      0.00      0.00      0.00    100.00
01:05:26 AM      42      0.00      0.00      0.00      0.00      0.00    100.00
01:05:26 AM      43      0.00      0.00      0.00      0.00      0.00    100.00
01:05:26 AM      44      0.00      0.00      0.00      0.00      0.00    100.00
01:05:26 AM      45      0.00      0.00      0.00      0.00      0.00    100.00
01:05:26 AM      46      0.00      0.00      0.00      0.00      0.00    100.00
01:05:26 AM      47      0.00      0.00      0.00      0.00      0.00    100.00

01:05:26 AM     CPU     %user     %nice   %system   %iowait    %steal     %idle
01:05:27 AM     all      0.54      0.00      1.59      0.02      0.00     97.84
01:05:27 AM       0     25.74      0.00     74.26      0.00      0.00      0.00
01:05:27 AM       1      0.00      0.00      0.00      0.00      0.00    100.00
01:05:27 AM       2      0.00      0.00      0.00      0.00      0.00    100.00
01:05:27 AM       3      0.00      0.00      0.00      0.00      0.00    100.00
01:05:27 AM       4      0.00      0.00      0.00      0.00      0.00    100.00
01:05:27 AM       5      0.00      0.00      0.00      0.00      0.00    100.00
01:05:27 AM       6      0.00      0.00      0.00      0.00      0.00    100.00
01:05:27 AM       7      0.00      0.00      0.00      0.00      0.00    100.00
01:05:27 AM       8      0.00      0.00      0.00      0.00      0.00    100.00
01:05:27 AM       9      0.00      0.00      0.00      0.00      0.00    100.00
01:05:27 AM      10      0.00      0.00      0.00      0.00      0.00    100.00
01:05:27 AM      11      0.00      0.00      0.00      0.00      0.00    100.00
01:05:27 AM      12      0.00      0.00      0.00      0.00      0.00    100.00
01:05:27 AM      13      0.00      0.00      0.00      0.00      0.00    100.00
01:05:27 AM      14      0.00      0.00      0.00      0.00      0.00    100.00
01:05:27 AM      15      0.00      0.00      0.00      0.00      0.00    100.00
01:05:27 AM      16      0.00      0.00      0.00      0.00      0.00    100.00
01:05:27 AM      17      0.00      0.00      0.00      0.00      0.00    100.00
01:05:27 AM      18      0.00      0.00      0.00      0.00      0.00    100.00
01:05:27 AM      19      0.00      0.00      0.00      0.00      0.00    100.00
01:05:27 AM      20      0.00      0.00      0.00      0.00      0.00    100.00
01:05:27 AM      21      0.00      0.00      0.00      0.00      0.00    100.00
01:05:27 AM      22      0.00      0.00      0.00      0.00      0.00    100.00
01:05:27 AM      23      0.00      0.00      0.00      0.00      0.00    100.00
01:05:27 AM      24      0.00      0.00      0.00      0.00      0.00    100.00
01:05:27 AM      25      0.00      0.00      0.00      0.00      0.00    100.00
01:05:27 AM      26      0.99      0.00      0.00      0.99      0.00     98.02
01:05:27 AM      27      0.00      0.00      0.00      0.00      0.00    100.00
01:05:27 AM      28      0.00      0.00      0.00      0.00      0.00    100.00
01:05:27 AM      29      0.00      0.00      0.00      0.00      0.00    100.00
01:05:27 AM      30      0.00      0.00      0.00      0.00      0.00    100.00
01:05:27 AM      31      0.00      0.00      0.00      0.00      0.00    100.00
01:05:27 AM      32      0.00      0.00      0.00      0.00      0.00    100.00
01:05:27 AM      33      0.00      0.00      0.00      0.00      0.00    100.00
01:05:27 AM      34      0.00      0.00      0.00      0.00      0.00    100.00
01:05:27 AM      35      0.00      0.00      0.00      0.00      0.00    100.00
01:05:27 AM      36      0.00      0.00      0.00      0.00      0.00    100.00
01:05:27 AM      37      0.00      0.00      1.00      0.00      0.00     99.00
01:05:27 AM      38      0.00      0.00      0.00      0.00      0.00    100.00
01:05:27 AM      39      0.00      0.00      0.00      0.00      0.00    100.00
01:05:27 AM      40      0.00      0.00      0.00      0.00      0.00    100.00
01:05:27 AM      41      0.00      0.00      0.00      0.00      0.00    100.00
01:05:27 AM      42      0.00      0.00      0.00      0.00      0.00    100.00
01:05:27 AM      43      0.00      0.00      0.00      0.00      0.00    100.00
01:05:27 AM      44      0.00      0.00      0.00      0.00      0.00    100.00
01:05:27 AM      45      0.00      0.00      0.00      0.00      0.00    100.00
01:05:27 AM      46      0.00      0.00      0.00      0.00      0.00    100.00
01:05:27 AM      47      0.00      0.00      0.00      0.00      0.00    100.00

01:05:27 AM     CPU     %user     %nice   %system   %iowait    %steal     %idle
01:05:28 AM     all      0.52      0.00      1.57      0.00      0.00     97.91
01:05:28 AM       0     26.00      0.00     74.00      0.00      0.00      0.00
01:05:28 AM       1      0.00      0.00      0.00      0.00      0.00    100.00
01:05:28 AM       2      0.00      0.00      0.00      0.00      0.00    100.00
01:05:28 AM       3      0.00      0.00      0.00      0.00      0.00    100.00
01:05:28 AM       4      0.00      0.00      0.00      0.00      0.00    100.00
01:05:28 AM       5      0.00      0.00      0.00      0.00      0.00    100.00
01:05:28 AM       6      0.00      0.00      0.00      0.00      0.00    100.00
01:05:28 AM       7      0.00      0.00      0.00      0.00      0.00    100.00
01:05:28 AM       8      0.00      0.00      0.00      0.00      0.00    100.00
01:05:28 AM       9      0.00      0.00      0.00      0.00      0.00    100.00
01:05:28 AM      10      0.00      0.00      0.00      0.00      0.00    100.00
01:05:28 AM      11      0.00      0.00      0.00      0.00      0.00    100.00
01:05:28 AM      12      0.00      0.00      0.00      0.00      0.00    100.00
01:05:28 AM      13      0.00      0.00      0.00      0.00      0.00    100.00
01:05:28 AM      14      0.00      0.00      0.00      0.00      0.00    100.00
01:05:28 AM      15      0.00      0.00      0.00      0.00      0.00    100.00
01:05:28 AM      16      0.00      0.00      0.00      0.00      0.00    100.00
01:05:28 AM      17      0.00      0.00      0.00      0.00      0.00    100.00
01:05:28 AM      18      0.00      0.00      0.00      0.00      0.00    100.00
01:05:28 AM      19      0.00      0.00      0.00      0.00      0.00    100.00
01:05:28 AM      20      0.00      0.00      0.00      0.00      0.00    100.00
01:05:28 AM      21      0.00      0.00      0.00      0.00      0.00    100.00
01:05:28 AM      22      0.00      0.00      0.00      0.00      0.00    100.00
01:05:28 AM      23      0.00      0.00      0.00      0.00      0.00    100.00
01:05:28 AM      24      0.00      0.00      0.00      0.00      0.00    100.00
01:05:28 AM      25      0.00      0.00      0.00      0.00      0.00    100.00
01:05:28 AM      26      0.00      0.00      0.00      0.00      0.00    100.00
01:05:28 AM      27      0.00      0.00      0.00      0.00      0.00    100.00
01:05:28 AM      28      0.00      0.00      0.00      0.00      0.00    100.00
01:05:28 AM      29      0.00      0.00      0.00      0.00      0.00    100.00
01:05:28 AM      30      0.00      0.00      0.00      0.00      0.00    100.00
01:05:28 AM      31      0.00      0.00      0.00      0.00      0.00    100.00
01:05:28 AM      32      0.00      0.00      0.00      0.00      0.00    100.00
01:05:28 AM      33      0.00      0.00      0.00      0.00      0.00    100.00
01:05:28 AM      34      0.00      0.00      0.00      0.00      0.00    100.00
01:05:28 AM      35      0.00      0.00      0.00      0.00      0.00    100.00
01:05:28 AM      36      0.00      0.00      0.00      0.00      0.00    100.00
01:05:28 AM      37      0.00      0.00      1.00      0.00      0.00     99.00
01:05:28 AM      38      0.00      0.00      0.00      0.00      0.00    100.00
01:05:28 AM      39      0.00      0.00      0.00      0.00      0.00    100.00
01:05:28 AM      40      0.00      0.00      0.00      0.00      0.00    100.00
01:05:28 AM      41      0.00      0.00      0.00      0.00      0.00    100.00
01:05:28 AM      42      0.00      0.00      0.00      0.00      0.00    100.00
01:05:28 AM      43      0.00      0.00      0.00      0.00      0.00    100.00
01:05:28 AM      44      0.00      0.00      0.00      0.00      0.00    100.00
01:05:28 AM      45      0.00      0.00      0.00      0.00      0.00    100.00
01:05:28 AM      46      0.00      0.00      0.00      0.00      0.00    100.00
01:05:28 AM      47      0.00      0.00      0.00      0.00      0.00    100.00

01:05:28 AM     CPU     %user     %nice   %system   %iowait    %steal     %idle
01:05:29 AM     all      0.52      0.00      1.63      0.00      0.00     97.84
01:05:29 AM       0     24.00      0.00     76.00      0.00      0.00      0.00
01:05:29 AM       1      0.00      0.00      0.00      0.00      0.00    100.00
01:05:29 AM       2      0.00      0.00      0.00      0.00      0.00    100.00
01:05:29 AM       3      0.00      0.00      0.00      0.00      0.00    100.00
01:05:29 AM       4      0.00      0.00      0.00      0.00      0.00    100.00
01:05:29 AM       5      0.00      0.00      0.00      0.00      0.00    100.00
01:05:29 AM       6      0.00      0.00      0.00      0.00      0.00    100.00
01:05:29 AM       7      0.00      0.00      0.00      0.00      0.00    100.00
01:05:29 AM       8      0.00      0.00      0.00      0.00      0.00    100.00
01:05:29 AM       9      0.00      0.00      0.00      0.00      0.00    100.00
01:05:29 AM      10      0.00      0.00      0.00      0.00      0.00    100.00
01:05:29 AM      11      0.00      0.00      0.00      0.00      0.00    100.00
01:05:29 AM      12      0.00      0.00      0.00      0.00      0.00    100.00
01:05:29 AM      13      0.00      0.00      0.00      0.00      0.00    100.00
01:05:29 AM      14      0.00      0.00      0.00      0.00      0.00    100.00
01:05:29 AM      15      0.00      0.00      0.00      0.00      0.00    100.00
01:05:29 AM      16      0.00      0.00      0.00      0.00      0.00    100.00
01:05:29 AM      17      0.00      0.00      0.00      0.00      0.00    100.00
01:05:29 AM      18      0.00      0.00      0.00      0.00      0.00    100.00
01:05:29 AM      19      0.00      0.00      0.00      0.00      0.00    100.00
01:05:29 AM      20      0.00      0.00      0.00      0.00      0.00    100.00
01:05:29 AM      21      0.00      0.00      0.00      0.00      0.00    100.00
01:05:29 AM      22      0.00      0.00      0.00      0.00      0.00    100.00
01:05:29 AM      23      0.00      0.00      0.00      0.00      0.00    100.00
01:05:29 AM      24      0.00      0.00      0.00      0.00      0.00    100.00
01:05:29 AM      25      0.00      0.00      0.00      0.00      0.00    100.00
01:05:29 AM      26      0.00      0.00      0.00      0.00      0.00    100.00
01:05:29 AM      27      0.00      0.00      0.00      0.00      0.00    100.00
01:05:29 AM      28      0.00      0.00      0.00      0.00      0.00    100.00
01:05:29 AM      29      0.00      0.00      0.00      0.00      0.00    100.00
01:05:29 AM      30      0.00      0.00      0.00      0.00      0.00    100.00
01:05:29 AM      31      0.00      0.00      0.00      0.00      0.00    100.00
01:05:29 AM      32      0.00      0.00      0.00      0.00      0.00    100.00
01:05:29 AM      33      0.00      0.00      0.00      0.00      0.00    100.00
01:05:29 AM      34      0.00      0.00      0.00      0.00      0.00    100.00
01:05:29 AM      35      0.00      0.00      0.00      0.00      0.00    100.00
01:05:29 AM      36      0.00      0.00      0.00      0.00      0.00    100.00
01:05:29 AM      37      0.00      0.00      0.00      0.00      0.00    100.00
01:05:29 AM      38      0.00      0.00      0.00      0.00      0.00    100.00
01:05:29 AM      39      0.00      0.00      1.00      0.00      0.00     99.00
01:05:29 AM      40      0.00      0.00      0.00      0.00      0.00    100.00
01:05:29 AM      41      0.00      0.00      0.00      0.00      0.00    100.00
01:05:29 AM      42      0.00      0.00      0.00      0.00      0.00    100.00
01:05:29 AM      43      0.00      0.00      0.00      0.00      0.00    100.00
01:05:29 AM      44      0.00      0.00      0.00      0.00      0.00    100.00
01:05:29 AM      45      0.00      0.00      0.00      0.00      0.00    100.00
01:05:29 AM      46      0.00      0.00      0.00      0.00      0.00    100.00
01:05:29 AM      47      0.00      0.00      0.00      0.00      0.00    100.00

01:05:29 AM     CPU     %user     %nice   %system   %iowait    %steal     %idle
01:05:30 AM     all      0.54      0.00      1.55      0.00      0.00     97.91
01:05:30 AM       0     26.26      0.00     73.74      0.00      0.00      0.00
01:05:30 AM       1      0.00      0.00      0.00      0.00      0.00    100.00
01:05:30 AM       2      0.00      0.00      0.00      0.00      0.00    100.00
01:05:30 AM       3      0.00      0.00      0.00      0.00      0.00    100.00
01:05:30 AM       4      0.00      0.00      0.00      0.00      0.00    100.00
01:05:30 AM       5      0.00      0.00      0.00      0.00      0.00    100.00
01:05:30 AM       6      0.00      0.00      0.00      0.00      0.00    100.00
01:05:30 AM       7      0.00      0.00      0.00      0.00      0.00    100.00
01:05:30 AM       8      0.00      0.00      0.00      0.00      0.00    100.00
01:05:30 AM       9      0.00      0.00      0.00      0.00      0.00    100.00
01:05:30 AM      10      0.00      0.00      0.00      0.00      0.00    100.00
01:05:30 AM      11      0.00      0.00      0.00      0.00      0.00    100.00
01:05:30 AM      12      0.00      0.00      0.00      0.00      0.00    100.00
01:05:30 AM      13      0.00      0.00      0.00      0.00      0.00    100.00
01:05:30 AM      14      0.00      0.00      0.00      0.00      0.00    100.00
01:05:30 AM      15      0.00      0.00      0.00      0.00      0.00    100.00
01:05:30 AM      16      0.00      0.00      0.00      0.00      0.00    100.00
01:05:30 AM      17      0.00      0.00      0.00      0.00      0.00    100.00
01:05:30 AM      18      0.00      0.00      0.00      0.00      0.00    100.00
01:05:30 AM      19      0.00      0.00      0.00      0.00      0.00    100.00
01:05:30 AM      20      0.00      0.00      0.00      0.00      0.00    100.00
01:05:30 AM      21      0.00      0.00      0.00      0.00      0.00    100.00
01:05:30 AM      22      0.00      0.00      0.00      0.00      0.00    100.00
01:05:30 AM      23      0.00      0.00      0.00      0.00      0.00    100.00
01:05:30 AM      24      0.00      0.00      0.00      0.00      0.00    100.00
01:05:30 AM      25      0.00      0.00      0.00      0.00      0.00    100.00
01:05:30 AM      26      0.00      0.00      0.00      0.00      0.00    100.00
01:05:30 AM      27      0.00      0.00      0.00      0.00      0.00    100.00
01:05:30 AM      28      0.00      0.00      0.00      0.00      0.00    100.00
01:05:30 AM      29      0.00      0.00      0.00      0.00      0.00    100.00
01:05:30 AM      30      0.00      0.00      0.00      0.00      0.00    100.00
01:05:30 AM      31      0.00      0.00      0.00      0.00      0.00    100.00
01:05:30 AM      32      0.00      0.00      0.00      0.00      0.00    100.00
01:05:30 AM      33      0.00      0.00      0.00      0.00      0.00    100.00
01:05:30 AM      34      0.00      0.00      0.00      0.00      0.00    100.00
01:05:30 AM      35      0.00      0.00      0.00      0.00      0.00    100.00
01:05:30 AM      36      0.00      0.00      0.00      0.00      0.00    100.00
01:05:30 AM      37      0.00      0.00      1.00      0.00      0.00     99.00
01:05:30 AM      38      0.00      0.00      0.00      0.00      0.00    100.00
01:05:30 AM      39      0.00      0.00      0.00      0.00      0.00    100.00
01:05:30 AM      40      0.00      0.00      0.00      0.00      0.00    100.00
01:05:30 AM      41      0.00      0.00      0.00      0.00      0.00    100.00
01:05:30 AM      42      0.00      0.00      0.00      0.00      0.00    100.00
01:05:30 AM      43      0.00      0.00      0.00      0.00      0.00    100.00
01:05:30 AM      44      0.00      0.00      0.00      0.00      0.00    100.00
01:05:30 AM      45      0.00      0.00      0.00      0.00      0.00    100.00
01:05:30 AM      46      0.00      0.00      0.00      0.00      0.00    100.00
01:05:30 AM      47      0.00      0.00      0.00      0.00      0.00    100.00

01:05:30 AM     CPU     %user     %nice   %system   %iowait    %steal     %idle
01:05:31 AM     all      0.52      0.00      1.59      0.06      0.00     97.82
01:05:31 AM       0     24.75      0.00     75.25      0.00      0.00      0.00
01:05:31 AM       1      0.00      0.00      0.00      0.00      0.00    100.00
01:05:31 AM       2      0.00      0.00      0.00      0.00      0.00    100.00
01:05:31 AM       3      0.00      0.00      0.00      0.00      0.00    100.00
01:05:31 AM       4      0.00      0.00      0.00      0.00      0.00    100.00
01:05:31 AM       5      0.00      0.00      0.00      0.00      0.00    100.00
01:05:31 AM       6      0.00      0.00      0.00      0.00      0.00    100.00
01:05:31 AM       7      0.00      0.00      0.00      0.00      0.00    100.00
01:05:31 AM       8      0.00      0.00      0.00      0.00      0.00    100.00
01:05:31 AM       9      0.00      0.00      0.00      0.00      0.00    100.00
01:05:31 AM      10      0.00      0.00      0.00      2.02      0.00     97.98
01:05:31 AM      11      0.00      0.00      0.00      0.00      0.00    100.00
01:05:31 AM      12      0.00      0.00      0.00      0.00      0.00    100.00
01:05:31 AM      13      0.00      0.00      0.00      0.00      0.00    100.00
01:05:31 AM      14      0.00      0.00      0.00      0.00      0.00    100.00
01:05:31 AM      15      0.00      0.00      0.00      0.00      0.00    100.00
01:05:31 AM      16      0.00      0.00      0.00      0.00      0.00    100.00
01:05:31 AM      17      0.00      0.00      0.00      0.00      0.00    100.00
01:05:31 AM      18      0.00      0.00      0.00      0.00      0.00    100.00
01:05:31 AM      19      0.00      0.00      0.00      0.00      0.00    100.00
01:05:31 AM      20      0.00      0.00      0.00      0.00      0.00    100.00
01:05:31 AM      21      0.00      0.00      0.00      0.00      0.00    100.00
01:05:31 AM      22      0.00      0.00      0.00      0.00      0.00    100.00
01:05:31 AM      23      0.00      0.00      0.00      0.00      0.00    100.00
01:05:31 AM      24      0.00      0.00      0.00      0.00      0.00    100.00
01:05:31 AM      25      0.00      0.00      0.00      0.00      0.00    100.00
01:05:31 AM      26      0.00      0.00      0.00      0.00      0.00    100.00
01:05:31 AM      27      0.00      0.00      0.00      0.00      0.00    100.00
01:05:31 AM      28      0.00      0.00      0.00      0.00      0.00    100.00
01:05:31 AM      29      0.00      0.00      0.00      0.00      0.00    100.00
01:05:31 AM      30      0.00      0.00      0.00      0.00      0.00    100.00
01:05:31 AM      31      0.00      0.00      0.00      0.00      0.00    100.00
01:05:31 AM      32      0.00      0.00      0.00      0.00      0.00    100.00
01:05:31 AM      33      0.00      0.00      0.00      0.00      0.00    100.00
01:05:31 AM      34      0.00      0.00      0.00      0.00      0.00    100.00
01:05:31 AM      35      0.00      0.00      0.00      0.00      0.00    100.00
01:05:31 AM      36      0.00      0.00      0.00      0.00      0.00    100.00
01:05:31 AM      37      0.00      0.00      1.00      0.00      0.00     99.00
01:05:31 AM      38      0.00      0.00      0.00      0.00      0.00    100.00
01:05:31 AM      39      0.00      0.00      0.00      0.00      0.00    100.00
01:05:31 AM      40      0.00      0.00      0.00      0.00      0.00    100.00
01:05:31 AM      41      0.00      0.00      0.00      0.00      0.00    100.00
01:05:31 AM      42      0.00      0.00      0.00      0.00      0.00    100.00
01:05:31 AM      43      0.00      0.00      0.00      0.00      0.00    100.00
01:05:31 AM      44      0.00      0.00      0.00      0.00      0.00    100.00
01:05:31 AM      45      0.00      0.00      0.00      0.00      0.00    100.00
01:05:31 AM      46      0.00      0.00      0.00      0.00      0.00    100.00
01:05:31 AM      47      0.00      0.00      0.00      0.00      0.00    100.00

01:05:31 AM     CPU     %user     %nice   %system   %iowait    %steal     %idle
01:05:32 AM     all      0.54      0.00      1.57      0.00      0.00     97.89
01:05:32 AM       0     26.00      0.00     74.00      0.00      0.00      0.00
01:05:32 AM       1      0.00      0.00      0.00      0.00      0.00    100.00
01:05:32 AM       2      0.00      0.00      0.00      0.00      0.00    100.00
01:05:32 AM       3      0.00      0.00      0.00      0.00      0.00    100.00
01:05:32 AM       4      0.00      0.00      0.00      0.00      0.00    100.00
01:05:32 AM       5      0.00      0.00      0.00      0.00      0.00    100.00
01:05:32 AM       6      0.00      0.00      0.00      0.00      0.00    100.00
01:05:32 AM       7      0.00      0.00      0.00      0.00      0.00    100.00
01:05:32 AM       8      0.00      0.00      0.00      0.00      0.00    100.00
01:05:32 AM       9      0.00      0.00      0.00      0.00      0.00    100.00
01:05:32 AM      10      0.00      0.00      0.00      0.00      0.00    100.00
01:05:32 AM      11      0.00      0.00      0.00      0.00      0.00    100.00
01:05:32 AM      12      0.00      0.00      0.00      0.00      0.00    100.00
01:05:32 AM      13      0.00      0.00      0.00      0.00      0.00    100.00
01:05:32 AM      14      0.00      0.00      1.00      0.00      0.00     99.00
01:05:32 AM      15      0.00      0.00      0.00      0.00      0.00    100.00
01:05:32 AM      16      0.00      0.00      0.00      0.00      0.00    100.00
01:05:32 AM      17      0.00      0.00      0.00      0.00      0.00    100.00
01:05:32 AM      18      0.00      0.00      0.00      0.00      0.00    100.00
01:05:32 AM      19      0.00      0.00      0.00      0.00      0.00    100.00
01:05:32 AM      20      0.00      0.00      0.00      0.00      0.00    100.00
01:05:32 AM      21      0.00      0.00      0.00      0.00      0.00    100.00
01:05:32 AM      22      0.00      0.00      0.00      0.00      0.00    100.00
01:05:32 AM      23      0.00      0.00      0.00      0.00      0.00    100.00
01:05:32 AM      24      0.00      0.00      0.00      0.00      0.00    100.00
01:05:32 AM      25      0.00      0.00      0.00      0.00      0.00    100.00
01:05:32 AM      26      0.00      0.00      0.00      0.00      0.00    100.00
01:05:32 AM      27      0.00      0.00      0.00      0.00      0.00    100.00
01:05:32 AM      28      0.00      0.00      0.00      0.00      0.00    100.00
01:05:32 AM      29      0.00      0.00      0.00      0.00      0.00    100.00
01:05:32 AM      30      0.00      0.00      0.00      0.00      0.00    100.00
01:05:32 AM      31      0.00      0.00      0.00      0.00      0.00    100.00
01:05:32 AM      32      0.00      0.00      0.00      0.00      0.00    100.00
01:05:32 AM      33      0.00      0.00      0.00      0.00      0.00    100.00
01:05:32 AM      34      0.00      0.00      0.00      0.00      0.00    100.00
01:05:32 AM      35      0.00      0.00      0.00      0.00      0.00    100.00
01:05:32 AM      36      0.00      0.00      0.00      0.00      0.00    100.00
01:05:32 AM      37      0.00      0.00      0.00      0.00      0.00    100.00
01:05:32 AM      38      0.00      0.00      0.00      0.00      0.00    100.00
01:05:32 AM      39      0.00      0.00      0.00      0.00      0.00    100.00
01:05:32 AM      40      0.00      0.00      0.00      0.00      0.00    100.00
01:05:32 AM      41      0.00      0.00      0.00      0.00      0.00    100.00
01:05:32 AM      42      0.00      0.00      0.00      0.00      0.00    100.00
01:05:32 AM      43      0.00      0.00      0.00      0.00      0.00    100.00
01:05:32 AM      44      0.00      0.00      0.00      0.00      0.00    100.00
01:05:32 AM      45      0.00      0.00      0.00      0.00      0.00    100.00
01:05:32 AM      46      0.00      0.00      0.00      0.00      0.00    100.00
01:05:32 AM      47      0.00      0.00      0.00      0.00      0.00    100.00

01:05:32 AM     CPU     %user     %nice   %system   %iowait    %steal     %idle
01:05:33 AM     all      0.50      0.00      1.61      0.00      0.00     97.89
01:05:33 AM       0     24.00      0.00     76.00      0.00      0.00      0.00
01:05:33 AM       1      0.00      0.00      0.00      0.00      0.00    100.00
01:05:33 AM       2      0.00      0.00      0.00      0.00      0.00    100.00
01:05:33 AM       3      0.00      0.00      0.00      0.00      0.00    100.00
01:05:33 AM       4      0.00      0.00      0.00      0.00      0.00    100.00
01:05:33 AM       5      0.00      0.00      0.00      0.00      0.00    100.00
01:05:33 AM       6      0.00      0.00      0.00      0.00      0.00    100.00
01:05:33 AM       7      0.00      0.00      0.00      0.00      0.00    100.00
01:05:33 AM       8      0.00      0.00      0.00      0.00      0.00    100.00
01:05:33 AM       9      0.00      0.00      0.00      0.00      0.00    100.00
01:05:33 AM      10      0.00      0.00      0.00      0.00      0.00    100.00
01:05:33 AM      11      0.00      0.00      0.00      0.00      0.00    100.00
01:05:33 AM      12      0.00      0.00      0.00      0.00      0.00    100.00
01:05:33 AM      13      0.00      0.00      0.00      0.00      0.00    100.00
01:05:33 AM      14      0.00      0.00      0.00      0.00      0.00    100.00
01:05:33 AM      15      0.00      0.00      0.00      0.00      0.00    100.00
01:05:33 AM      16      0.00      0.00      0.00      0.00      0.00    100.00
01:05:33 AM      17      0.00      0.00      0.00      0.00      0.00    100.00
01:05:33 AM      18      0.00      0.00      0.00      0.00      0.00    100.00
01:05:33 AM      19      0.00      0.00      0.00      0.00      0.00    100.00
01:05:33 AM      20      0.00      0.00      0.00      0.00      0.00    100.00
01:05:33 AM      21      0.00      0.00      0.00      0.00      0.00    100.00
01:05:33 AM      22      0.00      0.00      0.00      0.00      0.00    100.00
01:05:33 AM      23      0.00      0.00      0.00      0.00      0.00    100.00
01:05:33 AM      24      0.00      0.00      0.00      0.00      0.00    100.00
01:05:33 AM      25      0.00      0.00      0.00      0.00      0.00    100.00
01:05:33 AM      26      0.00      0.00      0.00      0.00      0.00    100.00
01:05:33 AM      27      0.00      0.00      0.00      0.00      0.00    100.00
01:05:33 AM      28      0.00      0.00      0.00      0.00      0.00    100.00
01:05:33 AM      29      0.00      0.00      0.00      0.00      0.00    100.00
01:05:33 AM      30      0.00      0.00      0.00      0.00      0.00    100.00
01:05:33 AM      31      0.00      0.00      0.00      0.00      0.00    100.00
01:05:33 AM      32      0.00      0.00      0.00      0.00      0.00    100.00
01:05:33 AM      33      0.00      0.00      0.00      0.00      0.00    100.00
01:05:33 AM      34      0.00      0.00      0.00      0.00      0.00    100.00
01:05:33 AM      35      0.00      0.00      0.00      0.00      0.00    100.00
01:05:33 AM      36      0.00      0.00      0.00      0.00      0.00    100.00
01:05:33 AM      37      0.00      0.00      0.99      0.00      0.00     99.01
01:05:33 AM      38      0.00      0.00      0.00      0.00      0.00    100.00
01:05:33 AM      39      0.00      0.00      0.00      0.00      0.00    100.00
01:05:33 AM      40      0.00      0.00      0.00      0.00      0.00    100.00
01:05:33 AM      41      0.00      0.00      0.00      0.00      0.00    100.00
01:05:33 AM      42      0.00      0.00      0.00      0.00      0.00    100.00
01:05:33 AM      43      0.00      0.00      0.00      0.00      0.00    100.00
01:05:33 AM      44      0.00      0.00      0.00      0.00      0.00    100.00
01:05:33 AM      45      0.00      0.00      0.00      0.00      0.00    100.00
01:05:33 AM      46      0.00      0.00      0.00      0.00      0.00    100.00
01:05:33 AM      47      0.00      0.00      0.00      0.00      0.00    100.00

01:05:33 AM     CPU     %user     %nice   %system   %iowait    %steal     %idle
01:05:34 AM     all      0.59      0.00      1.53      0.00      0.00     97.88
01:05:34 AM       0     27.27      0.00     72.73      0.00      0.00      0.00
01:05:34 AM       1      0.00      0.00      0.00      0.00      0.00    100.00
01:05:34 AM       2      0.00      0.00      0.00      0.00      0.00    100.00
01:05:34 AM       3      0.00      0.00      0.00      0.00      0.00    100.00
01:05:34 AM       4      0.00      0.00      0.00      0.00      0.00    100.00
01:05:34 AM       5      0.00      0.00      0.00      0.00      0.00    100.00
01:05:34 AM       6      0.00      0.00      0.00      0.00      0.00    100.00
01:05:34 AM       7      0.00      0.00      0.00      0.00      0.00    100.00
01:05:34 AM       8      0.00      0.00      0.00      0.00      0.00    100.00
01:05:34 AM       9      0.00      0.00      0.00      0.00      0.00    100.00
01:05:34 AM      10      0.00      0.00      0.00      0.00      0.00    100.00
01:05:34 AM      11      0.00      0.00      0.00      0.00      0.00    100.00
01:05:34 AM      12      0.00      0.00      0.00      0.00      0.00    100.00
01:05:34 AM      13      0.00      0.00      0.00      0.00      0.00    100.00
01:05:34 AM      14      0.00      0.00      0.00      0.00      0.00    100.00
01:05:34 AM      15      0.00      0.00      0.00      0.00      0.00    100.00
01:05:34 AM      16      0.00      0.00      0.00      0.00      0.00    100.00
01:05:34 AM      17      0.00      0.00      0.00      0.00      0.00    100.00
01:05:34 AM      18      0.00      0.00      0.00      0.00      0.00    100.00
01:05:34 AM      19      0.00      0.00      0.00      0.00      0.00    100.00
01:05:34 AM      20      0.00      0.00      0.00      0.00      0.00    100.00
01:05:34 AM      21      0.00      0.00      0.00      0.00      0.00    100.00
01:05:34 AM      22      0.00      0.00      0.00      0.00      0.00    100.00
01:05:34 AM      23      0.00      0.00      0.00      0.00      0.00    100.00
01:05:34 AM      24      0.00      0.00      0.00      0.00      0.00    100.00
01:05:34 AM      25      0.00      0.00      0.00      0.00      0.00    100.00
01:05:34 AM      26      0.00      0.00      0.00      0.00      0.00    100.00
01:05:34 AM      27      0.00      0.00      0.00      0.00      0.00    100.00
01:05:34 AM      28      0.00      0.00      0.00      0.00      0.00    100.00
01:05:34 AM      29      0.00      0.00      0.00      0.00      0.00    100.00
01:05:34 AM      30      0.00      0.00      0.00      0.00      0.00    100.00
01:05:34 AM      31      0.00      0.00      0.00      0.00      0.00    100.00
01:05:34 AM      32      0.00      0.00      0.00      0.00      0.00    100.00
01:05:34 AM      33      0.00      0.00      0.00      0.00      0.00    100.00
01:05:34 AM      34      0.00      0.00      0.00      0.00      0.00    100.00
01:05:34 AM      35      0.00      0.00      0.00      0.00      0.00    100.00
01:05:34 AM      36      0.00      0.00      0.00      0.00      0.00    100.00
01:05:34 AM      37      0.00      0.00      1.00      0.00      0.00     99.00
01:05:34 AM      38      0.00      0.00      0.00      0.00      0.00    100.00
01:05:34 AM      39      0.00      0.00      0.00      0.00      0.00    100.00
01:05:34 AM      40      0.00      0.00      0.00      0.00      0.00    100.00
01:05:34 AM      41      0.00      0.00      0.00      0.00      0.00    100.00
01:05:34 AM      42      0.00      0.00      0.00      0.00      0.00    100.00
01:05:34 AM      43      0.00      0.00      0.00      0.00      0.00    100.00
01:05:34 AM      44      0.00      0.00      0.00      0.00      0.00    100.00
01:05:34 AM      45      0.00      0.00      0.00      0.00      0.00    100.00
01:05:34 AM      46      0.00      0.00      0.00      0.00      0.00    100.00
01:05:34 AM      47      0.00      0.00      0.00      0.00      0.00    100.00

01:05:34 AM     CPU     %user     %nice   %system   %iowait    %steal     %idle
01:05:35 AM     all      0.31      0.00      1.02      0.00      0.00     98.66
01:05:35 AM       0     16.00      0.00     48.00      0.00      0.00     36.00
01:05:35 AM       1      0.00      0.00      0.00      0.00      0.00    100.00
01:05:35 AM       2      0.00      0.00      0.00      0.00      0.00    100.00
01:05:35 AM       3      0.00      0.00      0.00      0.00      0.00    100.00
01:05:35 AM       4      0.00      0.00      0.00      0.00      0.00    100.00
01:05:35 AM       5      0.00      0.00      0.00      0.00      0.00    100.00
01:05:35 AM       6      0.00      0.00      0.00      0.00      0.00    100.00
01:05:35 AM       7      0.00      0.00      0.00      0.00      0.00    100.00
01:05:35 AM       8      0.00      0.00      0.00      0.00      0.00    100.00
01:05:35 AM       9      0.00      0.00      0.00      0.00      0.00    100.00
01:05:35 AM      10      0.00      0.00      0.00      0.00      0.00    100.00
01:05:35 AM      11      0.00      0.00      0.00      0.00      0.00    100.00
01:05:35 AM      12      0.00      0.00      0.00      0.00      0.00    100.00
01:05:35 AM      13      0.00      0.00      0.00      0.00      0.00    100.00
01:05:35 AM      14      0.00      0.00      0.00      0.00      0.00    100.00
01:05:35 AM      15      0.00      0.00      0.00      0.00      0.00    100.00
01:05:35 AM      16      0.00      0.00      0.00      0.00      0.00    100.00
01:05:35 AM      17      0.00      0.00      0.00      0.00      0.00    100.00
01:05:35 AM      18      0.00      0.00      0.00      0.00      0.00    100.00
01:05:35 AM      19      0.00      0.00      0.00      0.00      0.00    100.00
01:05:35 AM      20      0.00      0.00      0.00      0.00      0.00    100.00
01:05:35 AM      21      0.00      0.00      0.00      0.00      0.00    100.00
01:05:35 AM      22      0.00      0.00      0.00      0.00      0.00    100.00
01:05:35 AM      23      0.00      0.00      0.00      0.00      0.00    100.00
01:05:35 AM      24      0.00      0.00      0.00      0.00      0.00    100.00
01:05:35 AM      25      0.00      0.00      0.00      0.00      0.00    100.00
01:05:35 AM      26      0.00      0.00      0.00      0.00      0.00    100.00
01:05:35 AM      27      0.00      0.00      0.00      0.00      0.00    100.00
01:05:35 AM      28      0.00      0.00      0.00      0.00      0.00    100.00
01:05:35 AM      29      0.00      0.00      0.00      0.00      0.00    100.00
01:05:35 AM      30      0.00      0.00      0.00      0.00      0.00    100.00
01:05:35 AM      31      0.00      0.00      0.00      0.00      0.00    100.00
01:05:35 AM      32      0.00      0.00      0.00      0.00      0.00    100.00
01:05:35 AM      33      0.00      0.00      0.00      0.00      0.00    100.00
01:05:35 AM      34      0.00      0.00      0.00      0.00      0.00    100.00
01:05:35 AM      35      0.00      0.00      0.00      0.00      0.00    100.00
01:05:35 AM      36      0.00      0.00      0.00      0.00      0.00    100.00
01:05:35 AM      37      0.00      0.00      0.00      0.00      0.00    100.00
01:05:35 AM      38      0.00      0.00      0.00      0.00      0.00    100.00
01:05:35 AM      39      0.00      0.00      0.00      0.00      0.00    100.00
01:05:35 AM      40      0.00      0.00      0.00      0.00      0.00    100.00
01:05:35 AM      41      0.00      0.00      0.00      0.00      0.00    100.00
01:05:35 AM      42      0.00      0.00      0.00      0.00      0.00    100.00
01:05:35 AM      43      0.00      0.00      0.00      0.00      0.00    100.00
01:05:35 AM      44      0.00      0.00      0.00      0.00      0.00    100.00
01:05:35 AM      45      0.00      0.00      0.00      0.00      0.00    100.00
01:05:35 AM      46      0.00      0.00      0.00      0.00      0.00    100.00
01:05:35 AM      47      0.00      0.00      0.00      0.00      0.00    100.00

01:05:35 AM     CPU     %user     %nice   %system   %iowait    %steal     %idle
01:05:36 AM     all      0.19      0.00      0.10      0.06      0.00     99.65
01:05:36 AM       0      0.00      0.00      0.00      0.00      0.00    100.00
01:05:36 AM       1      0.00      0.00      0.00      0.00      0.00    100.00
01:05:36 AM       2      0.00      0.00      0.00      0.00      0.00    100.00
01:05:36 AM       3      0.00      0.00      1.00      0.00      0.00     99.00
01:05:36 AM       4      0.99      0.00      0.00      0.00      0.00     99.01
01:05:36 AM       5      0.99      0.00      0.99      0.00      0.00     98.02
01:05:36 AM       6      0.99      0.00      0.00      0.00      0.00     99.01
01:05:36 AM       7      0.00      0.00      0.00      0.00      0.00    100.00
01:05:36 AM       8      0.00      0.00      0.00      0.00      0.00    100.00
01:05:36 AM       9      1.00      0.00      0.00      0.00      0.00     99.00
01:05:36 AM      10      0.00      0.00      0.00      0.00      0.00    100.00
01:05:36 AM      11      0.00      0.00      0.00      0.00      0.00    100.00
01:05:36 AM      12      0.00      0.00      0.00      0.00      0.00    100.00
01:05:36 AM      13      0.00      0.00      0.00      0.00      0.00    100.00
01:05:36 AM      14      0.00      0.00      0.00      0.00      0.00    100.00
01:05:36 AM      15      0.00      0.00      0.00      0.00      0.00    100.00
01:05:36 AM      16      1.00      0.00      0.00      0.00      0.00     99.00
01:05:36 AM      17      0.00      0.00      0.00      0.00      0.00    100.00
01:05:36 AM      18      2.00      0.00      1.00      0.00      0.00     97.00
01:05:36 AM      19      0.00      0.00      0.00      0.00      0.00    100.00
01:05:36 AM      20      0.00      0.00      0.00      0.00      0.00    100.00
01:05:36 AM      21      0.00      0.00      0.00      0.00      0.00    100.00
01:05:36 AM      22      0.00      0.00      0.00      0.00      0.00    100.00
01:05:36 AM      23      0.00      0.00      0.00      0.00      0.00    100.00
01:05:36 AM      24      0.00      0.00      0.00      0.00      0.00    100.00
01:05:36 AM      25      0.00      0.00      0.00      0.00      0.00    100.00
01:05:36 AM      26      0.00      0.00      0.00      0.00      0.00    100.00
01:05:36 AM      27      0.00      0.00      0.00      0.00      0.00    100.00
01:05:36 AM      28      0.00      0.00      0.00      0.00      0.00    100.00
01:05:36 AM      29      0.00      0.00      0.00      0.00      0.00    100.00
01:05:36 AM      30      1.01      0.00      0.00      0.00      0.00     98.99
01:05:36 AM      31      0.00      0.00      0.00      0.00      0.00    100.00
01:05:36 AM      32      0.00      0.00      0.00      0.00      0.00    100.00
01:05:36 AM      33      0.00      0.00      0.00      2.02      0.00     97.98
01:05:36 AM      34      0.00      0.00      0.00      0.00      0.00    100.00
01:05:36 AM      35      0.00      0.00      0.00      0.00      0.00    100.00
01:05:36 AM      36      0.00      0.00      0.00      0.00      0.00    100.00
01:05:36 AM      37      1.00      0.00      2.00      0.00      0.00     97.00
01:05:36 AM      38      0.00      0.00      0.00      0.00      0.00    100.00
01:05:36 AM      39      0.00      0.00      0.00      0.00      0.00    100.00
01:05:36 AM      40      0.00      0.00      0.00      0.00      0.00    100.00
01:05:36 AM      41      0.00      0.00      0.00      0.00      0.00    100.00
01:05:36 AM      42      0.00      0.00      0.00      0.00      0.00    100.00
01:05:36 AM      43      0.00      0.00      0.00      0.00      0.00    100.00
01:05:36 AM      44      0.00      0.00      0.00      0.00      0.00    100.00
01:05:36 AM      45      0.00      0.00      0.00      0.00      0.00    100.00
01:05:36 AM      46      0.00      0.00      0.00      0.00      0.00    100.00
01:05:36 AM      47      0.00      0.00      1.00      0.00      0.00     99.00

01:05:36 AM     CPU     %user     %nice   %system   %iowait    %steal     %idle
01:05:37 AM     all      0.00      0.00      0.02      0.00      0.00     99.98
01:05:37 AM       0      0.00      0.00      0.00      0.00      0.00    100.00
01:05:37 AM       1      0.00      0.00      0.00      0.00      0.00    100.00
01:05:37 AM       2      0.00      0.00      0.00      0.00      0.00    100.00
01:05:37 AM       3      0.00      0.00      0.00      0.00      0.00    100.00
01:05:37 AM       4      0.00      0.00      0.00      0.00      0.00    100.00
01:05:37 AM       5      0.00      0.00      0.00      0.00      0.00    100.00
01:05:37 AM       6      0.00      0.00      0.00      0.00      0.00    100.00
01:05:37 AM       7      0.00      0.00      0.00      0.00      0.00    100.00
01:05:37 AM       8      0.00      0.00      0.00      0.00      0.00    100.00
01:05:37 AM       9      0.00      0.00      0.00      0.00      0.00    100.00
01:05:37 AM      10      0.00      0.00      0.00      0.00      0.00    100.00
01:05:37 AM      11      0.00      0.00      0.00      0.00      0.00    100.00
01:05:37 AM      12      0.00      0.00      0.00      0.00      0.00    100.00
01:05:37 AM      13      0.00      0.00      1.00      0.00      0.00     99.00
01:05:37 AM      14      0.00      0.00      0.00      0.00      0.00    100.00
01:05:37 AM      15      0.00      0.00      0.00      0.00      0.00    100.00
01:05:37 AM      16      0.00      0.00      0.00      0.00      0.00    100.00
01:05:37 AM      17      0.00      0.00      0.00      0.00      0.00    100.00
01:05:37 AM      18      0.00      0.00      0.00      0.00      0.00    100.00
01:05:37 AM      19      0.00      0.00      0.00      0.00      0.00    100.00
01:05:37 AM      20      0.00      0.00      0.00      0.00      0.00    100.00
01:05:37 AM      21      0.00      0.00      0.00      0.00      0.00    100.00
01:05:37 AM      22      0.00      0.00      0.00      0.00      0.00    100.00
01:05:37 AM      23      0.00      0.00      0.00      0.00      0.00    100.00
01:05:37 AM      24      0.00      0.00      0.00      0.00      0.00    100.00
01:05:37 AM      25      0.00      0.00      0.00      0.00      0.00    100.00
01:05:37 AM      26      0.00      0.00      0.00      0.00      0.00    100.00
01:05:37 AM      27      0.00      0.00      0.00      0.00      0.00    100.00
01:05:37 AM      28      0.00      0.00      0.00      0.00      0.00    100.00
01:05:37 AM      29      0.00      0.00      0.00      0.00      0.00    100.00
01:05:37 AM      30      0.00      0.00      0.00      0.00      0.00    100.00
01:05:37 AM      31      0.00      0.00      0.00      0.00      0.00    100.00
01:05:37 AM      32      0.00      0.00      0.00      0.00      0.00    100.00
01:05:37 AM      33      0.00      0.00      0.00      0.00      0.00    100.00
01:05:37 AM      34      0.00      0.00      0.00      0.00      0.00    100.00
01:05:37 AM      35      0.00      0.00      0.00      0.00      0.00    100.00
01:05:37 AM      36      0.00      0.00      0.00      0.00      0.00    100.00
01:05:37 AM      37      0.00      0.00      0.99      0.00      0.00     99.01
01:05:37 AM      38      0.00      0.00      0.00      0.00      0.00    100.00
01:05:37 AM      39      0.00      0.00      0.00      0.00      0.00    100.00
01:05:37 AM      40      0.00      0.00      0.00      0.00      0.00    100.00
01:05:37 AM      41      0.00      0.00      0.00      0.00      0.00    100.00
01:05:37 AM      42      0.00      0.00      0.00      0.00      0.00    100.00
01:05:37 AM      43      0.00      0.00      0.00      0.00      0.00    100.00
01:05:37 AM      44      0.00      0.00      0.00      0.00      0.00    100.00
01:05:37 AM      45      0.00      0.00      0.00      0.00      0.00    100.00
01:05:37 AM      46      0.00      0.00      0.00      0.00      0.00    100.00
01:05:37 AM      47      0.00      0.00      0.00      0.00      0.00    100.00

Average:        CPU     %user     %nice   %system   %iowait    %steal     %idle
Average:        all      0.38      0.00      1.10      0.01      0.00     98.50
Average:          0     17.59      0.00     51.30      0.00      0.00     31.11
Average:          1      0.00      0.00      0.00      0.00      0.00    100.00
Average:          2      0.00      0.00      0.00      0.00      0.00    100.00
Average:          3      0.00      0.00      0.07      0.00      0.00     99.93
Average:          4      0.07      0.00      0.00      0.00      0.00     99.93
Average:          5      0.07      0.00      0.07      0.00      0.00     99.87
Average:          6      0.07      0.00      0.00      0.00      0.00     99.93
Average:          7      0.00      0.00      0.00      0.00      0.00    100.00
Average:          8      0.00      0.00      0.00      0.00      0.00    100.00
Average:          9      0.08      0.00      0.00      0.00      0.00     99.92
Average:         10      0.00      0.00      0.00      0.13      0.00     99.87
Average:         11      0.00      0.00      0.00      0.00      0.00    100.00
Average:         12      0.00      0.00      0.00      0.00      0.00    100.00
Average:         13      0.00      0.00      0.13      0.00      0.00     99.87
Average:         14      0.00      0.00      0.07      0.00      0.00     99.93
Average:         15      0.00      0.00      0.00      0.00      0.00    100.00
Average:         16      0.07      0.00      0.00      0.00      0.00     99.93
Average:         17      0.00      0.00      0.00      0.00      0.00    100.00
Average:         18      0.13      0.00      0.07      0.00      0.00     99.80
Average:         19      0.00      0.00      0.00      0.00      0.00    100.00
Average:         20      0.00      0.00      0.00      0.00      0.00    100.00
Average:         21      0.00      0.00      0.00      0.00      0.00    100.00
Average:         22      0.00      0.00      0.00      0.00      0.00    100.00
Average:         23      0.00      0.00      0.00      0.00      0.00    100.00
Average:         24      0.00      0.00      0.00      0.00      0.00    100.00
Average:         25      0.00      0.00      0.00      0.00      0.00    100.00
Average:         26      0.07      0.00      0.00      0.07      0.00     99.87
Average:         27      0.00      0.00      0.00      0.00      0.00    100.00
Average:         28      0.00      0.00      0.00      0.00      0.00    100.00
Average:         29      0.00      0.00      0.00      0.00      0.00    100.00
Average:         30      0.07      0.00      0.00      0.00      0.00     99.93
Average:         31      0.00      0.00      0.00      0.00      0.00    100.00
Average:         32      0.00      0.00      0.00      0.00      0.00    100.00
Average:         33      0.00      0.00      0.00      0.33      0.00     99.67
Average:         34      0.00      0.00      0.00      0.00      0.00    100.00
Average:         35      0.00      0.00      0.00      0.00      0.00    100.00
Average:         36      0.00      0.00      0.00      0.00      0.00    100.00
Average:         37      0.07      0.00      0.87      0.00      0.00     99.07
Average:         38      0.00      0.00      0.00      0.00      0.00    100.00
Average:         39      0.00      0.00      0.07      0.00      0.00     99.93
Average:         40      0.00      0.00      0.00      0.00      0.00    100.00
Average:         41      0.00      0.00      0.00      0.00      0.00    100.00
Average:         42      0.00      0.00      0.00      0.00      0.00    100.00
Average:         43      0.00      0.00      0.00      0.00      0.00    100.00
Average:         44      0.00      0.00      0.00      0.00      0.00    100.00
Average:         45      0.00      0.00      0.00      0.00      0.00    100.00
Average:         46      0.00      0.00      0.00      0.00      0.00    100.00
Average:         47      0.00      0.00      0.07      0.00      0.00     99.93
