Linux 3.10.0-514.el7.x86_64 (localhost.localdomain) 	02/19/2020 	_x86_64_	(48 CPU)

01:06:30 AM     CPU     %user     %nice   %system   %iowait    %steal     %idle
01:06:31 AM     all      0.00      0.00      0.02      0.00      0.00     99.98
01:06:31 AM       0      0.00      0.00      0.00      0.00      0.00    100.00
01:06:31 AM       1      0.00      0.00      0.00      0.00      0.00    100.00
01:06:31 AM       2      0.00      0.00      0.00      0.00      0.00    100.00
01:06:31 AM       3      0.00      0.00      0.00      0.00      0.00    100.00
01:06:31 AM       4      0.00      0.00      0.00      0.00      0.00    100.00
01:06:31 AM       5      0.00      0.00      0.00      0.00      0.00    100.00
01:06:31 AM       6      0.00      0.00      0.00      0.00      0.00    100.00
01:06:31 AM       7      0.00      0.00      0.00      0.00      0.00    100.00
01:06:31 AM       8      0.00      0.00      0.00      0.00      0.00    100.00
01:06:31 AM       9      0.00      0.00      0.00      0.00      0.00    100.00
01:06:31 AM      10      0.00      0.00      0.00      0.00      0.00    100.00
01:06:31 AM      11      0.00      0.00      0.00      0.00      0.00    100.00
01:06:31 AM      12      0.00      0.00      0.00      0.00      0.00    100.00
01:06:31 AM      13      0.00      0.00      0.00      0.00      0.00    100.00
01:06:31 AM      14      0.00      0.00      0.00      0.00      0.00    100.00
01:06:31 AM      15      0.00      0.00      0.00      0.00      0.00    100.00
01:06:31 AM      16      0.00      0.00      0.00      0.00      0.00    100.00
01:06:31 AM      17      0.00      0.00      0.00      0.00      0.00    100.00
01:06:31 AM      18      0.00      0.00      0.00      0.00      0.00    100.00
01:06:31 AM      19      0.00      0.00      0.00      0.00      0.00    100.00
01:06:31 AM      20      0.00      0.00      0.00      0.00      0.00    100.00
01:06:31 AM      21      0.00      0.00      0.00      0.00      0.00    100.00
01:06:31 AM      22      0.00      0.00      0.00      0.00      0.00    100.00
01:06:31 AM      23      0.00      0.00      0.00      0.00      0.00    100.00
01:06:31 AM      24      0.00      0.00      0.00      0.00      0.00    100.00
01:06:31 AM      25      0.00      0.00      0.99      0.00      0.00     99.01
01:06:31 AM      26      0.00      0.00      0.00      0.00      0.00    100.00
01:06:31 AM      27      0.00      0.00      0.00      0.00      0.00    100.00
01:06:31 AM      28      0.00      0.00      0.00      0.00      0.00    100.00
01:06:31 AM      29      0.00      0.00      0.00      0.00      0.00    100.00
01:06:31 AM      30      0.00      0.00      0.00      0.00      0.00    100.00
01:06:31 AM      31      0.00      0.00      0.00      0.00      0.00    100.00
01:06:31 AM      32      0.00      0.00      0.00      0.00      0.00    100.00
01:06:31 AM      33      0.00      0.00      0.00      0.00      0.00    100.00
01:06:31 AM      34      0.00      0.00      0.00      0.00      0.00    100.00
01:06:31 AM      35      0.00      0.00      0.00      0.00      0.00    100.00
01:06:31 AM      36      0.00      0.00      0.00      0.00      0.00    100.00
01:06:31 AM      37      0.00      0.00      0.00      0.00      0.00    100.00
01:06:31 AM      38      0.00      0.00      0.00      0.00      0.00    100.00
01:06:31 AM      39      0.00      0.00      0.00      0.00      0.00    100.00
01:06:31 AM      40      0.00      0.00      0.00      0.00      0.00    100.00
01:06:31 AM      41      0.00      0.00      0.00      0.00      0.00    100.00
01:06:31 AM      42      0.00      0.00      0.00      0.00      0.00    100.00
01:06:31 AM      43      0.00      0.00      0.00      0.00      0.00    100.00
01:06:31 AM      44      0.00      0.00      0.00      0.00      0.00    100.00
01:06:31 AM      45      0.00      0.00      0.00      0.00      0.00    100.00
01:06:31 AM      46      0.00      0.00      0.00      0.00      0.00    100.00
01:06:31 AM      47      0.00      0.00      0.00      0.00      0.00    100.00

01:06:31 AM     CPU     %user     %nice   %system   %iowait    %steal     %idle
01:06:32 AM     all      0.06      0.00      0.31      0.00      0.00     99.62
01:06:32 AM       0      2.97      0.00     11.88      0.00      0.00     85.15
01:06:32 AM       1      0.00      0.00      0.00      0.00      0.00    100.00
01:06:32 AM       2      0.00      0.00      0.99      0.00      0.00     99.01
01:06:32 AM       3      0.00      0.00      0.00      0.00      0.00    100.00
01:06:32 AM       4      0.00      0.00      0.00      0.00      0.00    100.00
01:06:32 AM       5      0.00      0.00      0.00      0.00      0.00    100.00
01:06:32 AM       6      0.00      0.00      0.00      0.00      0.00    100.00
01:06:32 AM       7      0.00      0.00      0.00      0.00      0.00    100.00
01:06:32 AM       8      0.00      0.00      1.08      0.00      0.00     98.92
01:06:32 AM       9      0.00      0.00      0.00      0.00      0.00    100.00
01:06:32 AM      10      0.00      0.00      0.00      0.00      0.00    100.00
01:06:32 AM      11      0.00      0.00      0.00      0.00      0.00    100.00
01:06:32 AM      12      0.00      0.00      0.00      0.00      0.00    100.00
01:06:32 AM      13      0.00      0.00      0.00      0.00      0.00    100.00
01:06:32 AM      14      0.00      0.00      0.00      0.00      0.00    100.00
01:06:32 AM      15      0.00      0.00      0.00      0.00      0.00    100.00
01:06:32 AM      16      0.00      0.00      0.00      0.00      0.00    100.00
01:06:32 AM      17      0.00      0.00      0.00      0.00      0.00    100.00
01:06:32 AM      18      0.00      0.00      0.00      0.00      0.00    100.00
01:06:32 AM      19      0.00      0.00      0.00      0.00      0.00    100.00
01:06:32 AM      20      0.00      0.00      0.00      0.00      0.00    100.00
01:06:32 AM      21      0.00      0.00      0.00      0.00      0.00    100.00
01:06:32 AM      22      0.00      0.00      0.00      0.00      0.00    100.00
01:06:32 AM      23      0.00      0.00      0.00      0.00      0.00    100.00
01:06:32 AM      24      0.00      0.00      0.00      0.00      0.00    100.00
01:06:32 AM      25      0.00      0.00      1.00      0.00      0.00     99.00
01:06:32 AM      26      0.00      0.00      0.00      0.00      0.00    100.00
01:06:32 AM      27      0.00      0.00      0.00      0.00      0.00    100.00
01:06:32 AM      28      0.00      0.00      0.00      0.00      0.00    100.00
01:06:32 AM      29      0.00      0.00      0.00      0.00      0.00    100.00
01:06:32 AM      30      0.00      0.00      0.00      0.00      0.00    100.00
01:06:32 AM      31      0.00      0.00      0.00      0.00      0.00    100.00
01:06:32 AM      32      0.00      0.00      0.00      0.00      0.00    100.00
01:06:32 AM      33      0.00      0.00      0.00      0.00      0.00    100.00
01:06:32 AM      34      0.00      0.00      0.00      0.00      0.00    100.00
01:06:32 AM      35      0.00      0.00      0.00      0.00      0.00    100.00
01:06:32 AM      36      0.00      0.00      0.00      0.00      0.00    100.00
01:06:32 AM      37      0.00      0.00      0.00      0.00      0.00    100.00
01:06:32 AM      38      0.00      0.00      0.00      0.00      0.00    100.00
01:06:32 AM      39      0.00      0.00      0.00      0.00      0.00    100.00
01:06:32 AM      40      0.00      0.00      0.00      0.00      0.00    100.00
01:06:32 AM      41      0.00      0.00      0.00      0.00      0.00    100.00
01:06:32 AM      42      0.00      0.00      0.00      0.00      0.00    100.00
01:06:32 AM      43      0.00      0.00      0.00      0.00      0.00    100.00
01:06:32 AM      44      0.00      0.00      0.00      0.00      0.00    100.00
01:06:32 AM      45      0.00      0.00      0.00      0.00      0.00    100.00
01:06:32 AM      46      0.00      0.00      0.00      0.00      0.00    100.00
01:06:32 AM      47      0.00      0.00      0.00      0.00      0.00    100.00

01:06:32 AM     CPU     %user     %nice   %system   %iowait    %steal     %idle
01:06:33 AM     all      0.32      0.00      1.78      0.00      0.00     97.90
01:06:33 AM       0     15.15      0.00     83.84      0.00      0.00      1.01
01:06:33 AM       1      0.00      0.00      0.00      0.00      0.00    100.00
01:06:33 AM       2      0.00      0.00      0.00      0.00      0.00    100.00
01:06:33 AM       3      0.00      0.00      0.00      0.00      0.00    100.00
01:06:33 AM       4      0.00      0.00      0.00      0.00      0.00    100.00
01:06:33 AM       5      0.00      0.00      0.00      0.00      0.00    100.00
01:06:33 AM       6      0.00      0.00      0.99      0.00      0.00     99.01
01:06:33 AM       7      0.00      0.00      0.00      0.00      0.00    100.00
01:06:33 AM       8      0.00      0.00      0.00      0.00      0.00    100.00
01:06:33 AM       9      0.00      0.00      0.00      0.00      0.00    100.00
01:06:33 AM      10      0.00      0.00      0.00      0.00      0.00    100.00
01:06:33 AM      11      0.00      0.00      0.00      0.00      0.00    100.00
01:06:33 AM      12      0.00      0.00      0.00      0.00      0.00    100.00
01:06:33 AM      13      0.00      0.00      0.00      0.00      0.00    100.00
01:06:33 AM      14      0.00      0.00      0.00      0.00      0.00    100.00
01:06:33 AM      15      0.00      0.00      0.00      0.00      0.00    100.00
01:06:33 AM      16      0.00      0.00      0.00      0.00      0.00    100.00
01:06:33 AM      17      0.00      0.00      0.00      0.00      0.00    100.00
01:06:33 AM      18      0.00      0.00      0.00      0.00      0.00    100.00
01:06:33 AM      19      0.00      0.00      0.00      0.00      0.00    100.00
01:06:33 AM      20      0.00      0.00      0.00      0.00      0.00    100.00
01:06:33 AM      21      0.00      0.00      0.00      0.00      0.00    100.00
01:06:33 AM      22      0.00      0.00      0.00      0.00      0.00    100.00
01:06:33 AM      23      0.00      0.00      0.00      0.00      0.00    100.00
01:06:33 AM      24      0.00      0.00      0.00      0.00      0.00    100.00
01:06:33 AM      25      0.00      0.00      1.00      0.00      0.00     99.00
01:06:33 AM      26      0.00      0.00      0.00      0.00      0.00    100.00
01:06:33 AM      27      0.00      0.00      0.00      0.00      0.00    100.00
01:06:33 AM      28      0.00      0.00      0.00      0.00      0.00    100.00
01:06:33 AM      29      0.00      0.00      0.00      0.00      0.00    100.00
01:06:33 AM      30      0.00      0.00      0.00      0.00      0.00    100.00
01:06:33 AM      31      0.00      0.00      0.00      0.00      0.00    100.00
01:06:33 AM      32      0.00      0.00      0.00      0.00      0.00    100.00
01:06:33 AM      33      0.00      0.00      0.00      0.00      0.00    100.00
01:06:33 AM      34      0.00      0.00      0.00      0.00      0.00    100.00
01:06:33 AM      35      0.00      0.00      0.00      0.00      0.00    100.00
01:06:33 AM      36      0.00      0.00      0.00      0.00      0.00    100.00
01:06:33 AM      37      0.00      0.00      0.00      0.00      0.00    100.00
01:06:33 AM      38      0.00      0.00      0.00      0.00      0.00    100.00
01:06:33 AM      39      0.00      0.00      0.00      0.00      0.00    100.00
01:06:33 AM      40      0.00      0.00      0.00      0.00      0.00    100.00
01:06:33 AM      41      0.00      0.00      0.00      0.00      0.00    100.00
01:06:33 AM      42      0.00      0.00      0.00      0.00      0.00    100.00
01:06:33 AM      43      0.00      0.00      0.00      0.00      0.00    100.00
01:06:33 AM      44      0.00      0.00      0.00      0.00      0.00    100.00
01:06:33 AM      45      0.00      0.00      0.00      0.00      0.00    100.00
01:06:33 AM      46      0.00      0.00      0.00      0.00      0.00    100.00
01:06:33 AM      47      0.00      0.00      0.00      0.00      0.00    100.00

01:06:33 AM     CPU     %user     %nice   %system   %iowait    %steal     %idle
01:06:34 AM     all      0.28      0.00      1.76      0.00      0.00     97.97
01:06:34 AM       0     12.87      0.00     79.21      0.00      0.00      7.92
01:06:34 AM       1      0.00      0.00      0.00      0.00      0.00    100.00
01:06:34 AM       2      0.00      0.00      0.00      0.00      0.00    100.00
01:06:34 AM       3      0.00      0.00      0.00      0.00      0.00    100.00
01:06:34 AM       4      0.00      0.00      0.00      0.00      0.00    100.00
01:06:34 AM       5      0.00      0.00      0.00      0.00      0.00    100.00
01:06:34 AM       6      0.00      0.00      0.00      0.00      0.00    100.00
01:06:34 AM       7      0.00      0.00      0.00      0.00      0.00    100.00
01:06:34 AM       8      0.00      0.00      4.76      0.00      0.00     95.24
01:06:34 AM       9      0.00      0.00      0.00      0.00      0.00    100.00
01:06:34 AM      10      0.00      0.00      0.00      0.00      0.00    100.00
01:06:34 AM      11      0.00      0.00      0.00      0.00      0.00    100.00
01:06:34 AM      12      0.00      0.00      0.00      0.00      0.00    100.00
01:06:34 AM      13      0.00      0.00      0.00      0.00      0.00    100.00
01:06:34 AM      14      0.00      0.00      0.00      0.00      0.00    100.00
01:06:34 AM      15      0.00      0.00      0.00      0.00      0.00    100.00
01:06:34 AM      16      0.00      0.00      0.00      0.00      0.00    100.00
01:06:34 AM      17      0.00      0.00      0.00      0.00      0.00    100.00
01:06:34 AM      18      0.00      0.00      0.00      0.00      0.00    100.00
01:06:34 AM      19      0.00      0.00      1.00      0.00      0.00     99.00
01:06:34 AM      20      0.00      0.00      0.00      0.00      0.00    100.00
01:06:34 AM      21      0.00      0.00      0.00      0.00      0.00    100.00
01:06:34 AM      22      0.00      0.00      0.00      0.00      0.00    100.00
01:06:34 AM      23      0.00      0.00      0.00      0.00      0.00    100.00
01:06:34 AM      24      0.00      0.00      0.00      0.00      0.00    100.00
01:06:34 AM      25      0.00      0.00      0.00      0.00      0.00    100.00
01:06:34 AM      26      0.00      0.00      0.00      0.00      0.00    100.00
01:06:34 AM      27      0.00      0.00      0.00      0.00      0.00    100.00
01:06:34 AM      28      0.00      0.00      0.00      0.00      0.00    100.00
01:06:34 AM      29      0.00      0.00      0.00      0.00      0.00    100.00
01:06:34 AM      30      0.00      0.00      0.00      0.00      0.00    100.00
01:06:34 AM      31      0.00      0.00      0.00      0.00      0.00    100.00
01:06:34 AM      32      0.00      0.00      0.00      0.00      0.00    100.00
01:06:34 AM      33      0.00      0.00      0.00      0.00      0.00    100.00
01:06:34 AM      34      0.00      0.00      0.00      0.00      0.00    100.00
01:06:34 AM      35      0.00      0.00      0.00      0.00      0.00    100.00
01:06:34 AM      36      0.00      0.00      0.00      0.00      0.00    100.00
01:06:34 AM      37      0.00      0.00      0.00      0.00      0.00    100.00
01:06:34 AM      38      0.00      0.00      0.00      0.00      0.00    100.00
01:06:34 AM      39      0.00      0.00      0.00      0.00      0.00    100.00
01:06:34 AM      40      0.00      0.00      0.00      0.00      0.00    100.00
01:06:34 AM      41      0.00      0.00      0.00      0.00      0.00    100.00
01:06:34 AM      42      0.00      0.00      0.00      0.00      0.00    100.00
01:06:34 AM      43      0.00      0.00      0.00      0.00      0.00    100.00
01:06:34 AM      44      0.00      0.00      0.00      0.00      0.00    100.00
01:06:34 AM      45      0.00      0.00      0.00      0.00      0.00    100.00
01:06:34 AM      46      0.00      0.00      0.00      0.00      0.00    100.00
01:06:34 AM      47      0.00      0.00      0.00      0.00      0.00    100.00

01:06:34 AM     CPU     %user     %nice   %system   %iowait    %steal     %idle
01:06:35 AM     all      0.34      0.00      1.65      0.00      0.00     98.01
01:06:35 AM       0     15.84      0.00     77.23      0.00      0.00      6.93
01:06:35 AM       1      0.00      0.00      0.00      0.00      0.00    100.00
01:06:35 AM       2      0.00      0.00      0.00      0.00      0.00    100.00
01:06:35 AM       3      0.00      0.00      0.00      0.00      0.00    100.00
01:06:35 AM       4      0.00      0.00      0.00      0.00      0.00    100.00
01:06:35 AM       5      0.00      0.00      0.00      0.00      0.00    100.00
01:06:35 AM       6      0.00      0.00      0.00      0.00      0.00    100.00
01:06:35 AM       7      0.00      0.00      0.00      0.00      0.00    100.00
01:06:35 AM       8      0.00      0.00      0.00      0.00      0.00    100.00
01:06:35 AM       9      0.00      0.00      0.00      0.00      0.00    100.00
01:06:35 AM      10      0.00      0.00      0.00      0.00      0.00    100.00
01:06:35 AM      11      0.00      0.00      0.00      0.00      0.00    100.00
01:06:35 AM      12      0.00      0.00      0.00      0.00      0.00    100.00
01:06:35 AM      13      0.00      0.00      0.00      0.00      0.00    100.00
01:06:35 AM      14      0.00      0.00      0.00      0.00      0.00    100.00
01:06:35 AM      15      0.00      0.00      0.00      0.00      0.00    100.00
01:06:35 AM      16      0.00      0.00      0.00      0.00      0.00    100.00
01:06:35 AM      17      0.00      0.00      0.00      0.00      0.00    100.00
01:06:35 AM      18      0.00      0.00      0.00      0.00      0.00    100.00
01:06:35 AM      19      0.00      0.00      0.00      0.00      0.00    100.00
01:06:35 AM      20      0.00      0.00      0.00      0.00      0.00    100.00
01:06:35 AM      21      0.00      0.00      0.00      0.00      0.00    100.00
01:06:35 AM      22      0.00      0.00      0.00      0.00      0.00    100.00
01:06:35 AM      23      0.00      0.00      0.00      0.00      0.00    100.00
01:06:35 AM      24      0.00      0.00      0.00      0.00      0.00    100.00
01:06:35 AM      25      0.00      0.00      1.00      0.00      0.00     99.00
01:06:35 AM      26      0.00      0.00      0.00      0.00      0.00    100.00
01:06:35 AM      27      0.00      0.00      0.00      0.00      0.00    100.00
01:06:35 AM      28      0.00      0.00      0.00      0.00      0.00    100.00
01:06:35 AM      29      0.00      0.00      0.00      0.00      0.00    100.00
01:06:35 AM      30      0.00      0.00      0.00      0.00      0.00    100.00
01:06:35 AM      31      0.00      0.00      0.00      0.00      0.00    100.00
01:06:35 AM      32      0.00      0.00      0.00      0.00      0.00    100.00
01:06:35 AM      33      0.00      0.00      0.00      0.00      0.00    100.00
01:06:35 AM      34      0.00      0.00      0.00      0.00      0.00    100.00
01:06:35 AM      35      0.00      0.00      0.00      0.00      0.00    100.00
01:06:35 AM      36      0.00      0.00      0.00      0.00      0.00    100.00
01:06:35 AM      37      0.00      0.00      0.00      0.00      0.00    100.00
01:06:35 AM      38      0.00      0.00      0.00      0.00      0.00    100.00
01:06:35 AM      39      0.00      0.00      0.00      0.00      0.00    100.00
01:06:35 AM      40      0.00      0.00      0.00      0.00      0.00    100.00
01:06:35 AM      41      0.00      0.00      0.00      0.00      0.00    100.00
01:06:35 AM      42      0.00      0.00      0.00      0.00      0.00    100.00
01:06:35 AM      43      0.00      0.00      0.00      0.00      0.00    100.00
01:06:35 AM      44      0.00      0.00      0.00      0.00      0.00    100.00
01:06:35 AM      45      0.00      0.00      0.00      0.00      0.00    100.00
01:06:35 AM      46      0.00      0.00      0.00      0.00      0.00    100.00
01:06:35 AM      47      0.00      0.00      0.00      0.00      0.00    100.00

01:06:35 AM     CPU     %user     %nice   %system   %iowait    %steal     %idle
01:06:36 AM     all      0.25      0.00      1.72      0.06      0.00     97.97
01:06:36 AM       0     12.00      0.00     80.00      0.00      0.00      8.00
01:06:36 AM       1      0.00      0.00      0.00      0.00      0.00    100.00
01:06:36 AM       2      0.00      0.00      0.00      0.00      0.00    100.00
01:06:36 AM       3      0.00      0.00      0.00      0.00      0.00    100.00
01:06:36 AM       4      0.00      0.00      0.00      0.00      0.00    100.00
01:06:36 AM       5      0.00      0.00      0.00      0.00      0.00    100.00
01:06:36 AM       6      0.00      0.00      0.00      0.00      0.00    100.00
01:06:36 AM       7      0.00      0.00      0.00      3.03      0.00     96.97
01:06:36 AM       8      0.00      0.00      0.00      0.00      0.00    100.00
01:06:36 AM       9      0.00      0.00      0.00      0.00      0.00    100.00
01:06:36 AM      10      0.00      0.00      0.00      0.00      0.00    100.00
01:06:36 AM      11      0.00      0.00      0.00      0.00      0.00    100.00
01:06:36 AM      12      0.00      0.00      0.00      0.00      0.00    100.00
01:06:36 AM      13      0.00      0.00      0.00      0.00      0.00    100.00
01:06:36 AM      14      0.00      0.00      0.00      0.00      0.00    100.00
01:06:36 AM      15      0.00      0.00      0.00      0.00      0.00    100.00
01:06:36 AM      16      0.00      0.00      0.00      0.00      0.00    100.00
01:06:36 AM      17      0.00      0.00      0.00      0.00      0.00    100.00
01:06:36 AM      18      0.00      0.00      0.00      0.00      0.00    100.00
01:06:36 AM      19      0.00      0.00      0.00      0.00      0.00    100.00
01:06:36 AM      20      0.00      0.00      0.00      0.00      0.00    100.00
01:06:36 AM      21      0.00      0.00      0.00      0.00      0.00    100.00
01:06:36 AM      22      0.00      0.00      0.00      0.00      0.00    100.00
01:06:36 AM      23      0.00      0.00      0.00      0.00      0.00    100.00
01:06:36 AM      24      0.00      0.00      0.00      0.00      0.00    100.00
01:06:36 AM      25      0.00      0.00      0.99      0.00      0.00     99.01
01:06:36 AM      26      0.00      0.00      0.00      0.00      0.00    100.00
01:06:36 AM      27      0.00      0.00      0.00      0.00      0.00    100.00
01:06:36 AM      28      0.00      0.00      0.00      0.00      0.00    100.00
01:06:36 AM      29      0.00      0.00      0.00      0.00      0.00    100.00
01:06:36 AM      30      0.00      0.00      0.00      0.00      0.00    100.00
01:06:36 AM      31      0.00      0.00      0.00      0.00      0.00    100.00
01:06:36 AM      32      0.00      0.00      0.00      0.00      0.00    100.00
01:06:36 AM      33      0.00      0.00      0.00      0.00      0.00    100.00
01:06:36 AM      34      0.00      0.00      0.00      0.00      0.00    100.00
01:06:36 AM      35      0.00      0.00      0.00      0.00      0.00    100.00
01:06:36 AM      36      0.00      0.00      0.00      0.00      0.00    100.00
01:06:36 AM      37      0.00      0.00      0.00      0.00      0.00    100.00
01:06:36 AM      38      0.00      0.00      0.00      0.00      0.00    100.00
01:06:36 AM      39      0.00      0.00      0.00      0.00      0.00    100.00
01:06:36 AM      40      0.00      0.00      0.00      0.00      0.00    100.00
01:06:36 AM      41      0.00      0.00      0.00      0.00      0.00    100.00
01:06:36 AM      42      0.00      0.00      0.00      0.00      0.00    100.00
01:06:36 AM      43      0.00      0.00      0.00      0.00      0.00    100.00
01:06:36 AM      44      0.00      0.00      0.00      0.00      0.00    100.00
01:06:36 AM      45      0.00      0.00      0.00      0.00      0.00    100.00
01:06:36 AM      46      0.00      0.00      0.00      0.00      0.00    100.00
01:06:36 AM      47      0.00      0.00      0.00      0.00      0.00    100.00

01:06:36 AM     CPU     %user     %nice   %system   %iowait    %steal     %idle
01:06:37 AM     all      0.36      0.00      1.72      0.00      0.00     97.92
01:06:37 AM       0     16.16      0.00     76.77      0.00      0.00      7.07
01:06:37 AM       1      0.00      0.00      0.00      0.00      0.00    100.00
01:06:37 AM       2      0.00      0.00      0.00      0.00      0.00    100.00
01:06:37 AM       3      0.00      0.00      0.00      0.00      0.00    100.00
01:06:37 AM       4      0.00      0.00      0.00      0.00      0.00    100.00
01:06:37 AM       5      0.00      0.00      0.00      0.00      0.00    100.00
01:06:37 AM       6      0.00      0.00      0.00      0.00      0.00    100.00
01:06:37 AM       7      0.00      0.00      0.00      0.00      0.00    100.00
01:06:37 AM       8      0.00      0.00      0.00      0.00      0.00    100.00
01:06:37 AM       9      0.00      0.00      0.00      0.00      0.00    100.00
01:06:37 AM      10      0.00      0.00      0.00      0.00      0.00    100.00
01:06:37 AM      11      0.00      0.00      0.00      0.00      0.00    100.00
01:06:37 AM      12      0.00      0.00      0.00      0.00      0.00    100.00
01:06:37 AM      13      0.00      0.00      0.00      0.00      0.00    100.00
01:06:37 AM      14      0.00      0.00      0.00      0.00      0.00    100.00
01:06:37 AM      15      0.00      0.00      0.00      0.00      0.00    100.00
01:06:37 AM      16      0.00      0.00      0.00      0.00      0.00    100.00
01:06:37 AM      17      0.00      0.00      0.00      0.00      0.00    100.00
01:06:37 AM      18      0.00      0.00      0.00      0.00      0.00    100.00
01:06:37 AM      19      0.00      0.00      0.00      0.00      0.00    100.00
01:06:37 AM      20      0.00      0.00      0.00      0.00      0.00    100.00
01:06:37 AM      21      0.00      0.00      0.00      0.00      0.00    100.00
01:06:37 AM      22      0.00      0.00      0.00      0.00      0.00    100.00
01:06:37 AM      23      0.00      0.00      0.00      0.00      0.00    100.00
01:06:37 AM      24      0.00      0.00      0.00      0.00      0.00    100.00
01:06:37 AM      25      0.00      0.00      1.00      0.00      0.00     99.00
01:06:37 AM      26      0.00      0.00      0.00      0.00      0.00    100.00
01:06:37 AM      27      0.00      0.00      0.00      0.00      0.00    100.00
01:06:37 AM      28      0.00      0.00      0.00      0.00      0.00    100.00
01:06:37 AM      29      0.00      0.00      0.00      0.00      0.00    100.00
01:06:37 AM      30      0.00      0.00      0.00      0.00      0.00    100.00
01:06:37 AM      31      0.00      0.00      0.00      0.00      0.00    100.00
01:06:37 AM      32      0.00      0.00      0.00      0.00      0.00    100.00
01:06:37 AM      33      0.00      0.00      0.00      0.00      0.00    100.00
01:06:37 AM      34      0.00      0.00      0.00      0.00      0.00    100.00
01:06:37 AM      35      0.00      0.00      0.00      0.00      0.00    100.00
01:06:37 AM      36      0.00      0.00      0.00      0.00      0.00    100.00
01:06:37 AM      37      0.00      0.00      0.00      0.00      0.00    100.00
01:06:37 AM      38      0.00      0.00      0.00      0.00      0.00    100.00
01:06:37 AM      39      0.00      0.00      0.00      0.00      0.00    100.00
01:06:37 AM      40      0.00      0.00      0.00      0.00      0.00    100.00
01:06:37 AM      41      0.00      0.00      0.00      0.00      0.00    100.00
01:06:37 AM      42      0.00      0.00      0.00      0.00      0.00    100.00
01:06:37 AM      43      0.99      0.00      1.98      0.00      0.00     97.03
01:06:37 AM      44      0.00      0.00      0.00      0.00      0.00    100.00
01:06:37 AM      45      0.00      0.00      0.00      0.00      0.00    100.00
01:06:37 AM      46      0.00      0.00      0.00      0.00      0.00    100.00
01:06:37 AM      47      0.00      0.00      0.00      0.00      0.00    100.00

01:06:37 AM     CPU     %user     %nice   %system   %iowait    %steal     %idle
01:06:38 AM     all      0.23      0.00      1.72      0.00      0.00     98.05
01:06:38 AM       0     12.00      0.00     81.00      0.00      0.00      7.00
01:06:38 AM       1      0.00      0.00      0.00      0.00      0.00    100.00
01:06:38 AM       2      0.00      0.00      0.00      0.00      0.00    100.00
01:06:38 AM       3      0.00      0.00      0.00      0.00      0.00    100.00
01:06:38 AM       4      0.00      0.00      0.00      0.00      0.00    100.00
01:06:38 AM       5      0.00      0.00      0.00      0.00      0.00    100.00
01:06:38 AM       6      0.00      0.00      0.00      0.00      0.00    100.00
01:06:38 AM       7      0.00      0.00      0.00      0.00      0.00    100.00
01:06:38 AM       8      0.00      0.00      4.76      0.00      0.00     95.24
01:06:38 AM       9      0.00      0.00      0.00      0.00      0.00    100.00
01:06:38 AM      10      0.00      0.00      0.00      0.00      0.00    100.00
01:06:38 AM      11      0.00      0.00      0.00      0.00      0.00    100.00
01:06:38 AM      12      0.00      0.00      0.00      0.00      0.00    100.00
01:06:38 AM      13      0.00      0.00      0.00      0.00      0.00    100.00
01:06:38 AM      14      0.00      0.00      0.00      0.00      0.00    100.00
01:06:38 AM      15      0.00      0.00      0.00      0.00      0.00    100.00
01:06:38 AM      16      0.00      0.00      0.00      0.00      0.00    100.00
01:06:38 AM      17      0.00      0.00      0.00      0.00      0.00    100.00
01:06:38 AM      18      0.00      0.00      0.00      0.00      0.00    100.00
01:06:38 AM      19      0.00      0.00      0.00      0.00      0.00    100.00
01:06:38 AM      20      0.00      0.00      0.00      0.00      0.00    100.00
01:06:38 AM      21      0.00      0.00      0.00      0.00      0.00    100.00
01:06:38 AM      22      0.00      0.00      0.00      0.00      0.00    100.00
01:06:38 AM      23      0.00      0.00      0.00      0.00      0.00    100.00
01:06:38 AM      24      0.00      0.00      0.00      0.00      0.00    100.00
01:06:38 AM      25      0.00      0.00      0.00      0.00      0.00    100.00
01:06:38 AM      26      0.00      0.00      0.00      0.00      0.00    100.00
01:06:38 AM      27      0.00      0.00      0.00      0.00      0.00    100.00
01:06:38 AM      28      0.00      0.00      0.00      0.00      0.00    100.00
01:06:38 AM      29      0.00      0.00      0.00      0.00      0.00    100.00
01:06:38 AM      30      0.00      0.00      0.00      0.00      0.00    100.00
01:06:38 AM      31      0.00      0.00      0.00      0.00      0.00    100.00
01:06:38 AM      32      0.00      0.00      0.00      0.00      0.00    100.00
01:06:38 AM      33      0.00      0.00      0.00      0.00      0.00    100.00
01:06:38 AM      34      0.00      0.00      0.00      0.00      0.00    100.00
01:06:38 AM      35      0.00      0.00      0.00      0.00      0.00    100.00
01:06:38 AM      36      0.00      0.00      0.00      0.00      0.00    100.00
01:06:38 AM      37      0.00      0.00      0.00      0.00      0.00    100.00
01:06:38 AM      38      0.00      0.00      0.00      0.00      0.00    100.00
01:06:38 AM      39      0.00      0.00      0.00      0.00      0.00    100.00
01:06:38 AM      40      0.00      0.00      0.00      0.00      0.00    100.00
01:06:38 AM      41      0.00      0.00      0.00      0.00      0.00    100.00
01:06:38 AM      42      0.00      0.00      0.00      0.00      0.00    100.00
01:06:38 AM      43      0.00      0.00      0.00      0.00      0.00    100.00
01:06:38 AM      44      0.00      0.00      0.00      0.00      0.00    100.00
01:06:38 AM      45      0.00      0.00      0.00      0.00      0.00    100.00
01:06:38 AM      46      0.00      0.00      0.00      0.00      0.00    100.00
01:06:38 AM      47      0.00      0.00      0.00      0.00      0.00    100.00

01:06:38 AM     CPU     %user     %nice   %system   %iowait    %steal     %idle
01:06:39 AM     all      0.34      0.00      1.67      0.00      0.00     97.99
01:06:39 AM       0     15.00      0.00     78.00      0.00      0.00      7.00
01:06:39 AM       1      0.00      0.00      0.00      0.00      0.00    100.00
01:06:39 AM       2      0.00      0.00      0.00      0.00      0.00    100.00
01:06:39 AM       3      0.00      0.00      0.00      0.00      0.00    100.00
01:06:39 AM       4      0.00      0.00      0.00      0.00      0.00    100.00
01:06:39 AM       5      0.00      0.00      0.00      0.00      0.00    100.00
01:06:39 AM       6      0.00      0.00      0.00      0.00      0.00    100.00
01:06:39 AM       7      0.00      0.00      0.00      0.00      0.00    100.00
01:06:39 AM       8      0.00      0.00      0.00      0.00      0.00    100.00
01:06:39 AM       9      0.00      0.00      0.00      0.00      0.00    100.00
01:06:39 AM      10      0.00      0.00      0.00      0.00      0.00    100.00
01:06:39 AM      11      0.00      0.00      0.00      0.00      0.00    100.00
01:06:39 AM      12      0.00      0.00      0.00      0.00      0.00    100.00
01:06:39 AM      13      0.00      0.00      0.00      0.00      0.00    100.00
01:06:39 AM      14      0.00      0.00      0.00      0.00      0.00    100.00
01:06:39 AM      15      0.00      0.00      0.00      0.00      0.00    100.00
01:06:39 AM      16      0.00      0.00      0.00      0.00      0.00    100.00
01:06:39 AM      17      0.00      0.00      0.00      0.00      0.00    100.00
01:06:39 AM      18      0.00      0.00      0.00      0.00      0.00    100.00
01:06:39 AM      19      0.00      0.00      0.00      0.00      0.00    100.00
01:06:39 AM      20      0.00      0.00      0.00      0.00      0.00    100.00
01:06:39 AM      21      0.00      0.00      0.00      0.00      0.00    100.00
01:06:39 AM      22      0.00      0.00      0.00      0.00      0.00    100.00
01:06:39 AM      23      0.00      0.00      0.00      0.00      0.00    100.00
01:06:39 AM      24      0.00      0.00      0.00      0.00      0.00    100.00
01:06:39 AM      25      0.00      0.00      1.00      0.00      0.00     99.00
01:06:39 AM      26      0.00      0.00      0.00      0.00      0.00    100.00
01:06:39 AM      27      0.00      0.00      0.00      0.00      0.00    100.00
01:06:39 AM      28      0.00      0.00      0.00      0.00      0.00    100.00
01:06:39 AM      29      0.00      0.00      0.00      0.00      0.00    100.00
01:06:39 AM      30      0.00      0.00      0.00      0.00      0.00    100.00
01:06:39 AM      31      0.00      0.00      0.00      0.00      0.00    100.00
01:06:39 AM      32      0.00      0.00      0.00      0.00      0.00    100.00
01:06:39 AM      33      0.00      0.00      0.00      0.00      0.00    100.00
01:06:39 AM      34      0.00      0.00      0.00      0.00      0.00    100.00
01:06:39 AM      35      0.00      0.00      0.00      0.00      0.00    100.00
01:06:39 AM      36      0.00      0.00      0.00      0.00      0.00    100.00
01:06:39 AM      37      0.00      0.00      0.00      0.00      0.00    100.00
01:06:39 AM      38      0.00      0.00      0.00      0.00      0.00    100.00
01:06:39 AM      39      0.00      0.00      0.00      0.00      0.00    100.00
01:06:39 AM      40      0.00      0.00      0.00      0.00      0.00    100.00
01:06:39 AM      41      0.00      0.00      0.00      0.00      0.00    100.00
01:06:39 AM      42      0.00      0.00      0.00      0.00      0.00    100.00
01:06:39 AM      43      0.00      0.00      0.00      0.00      0.00    100.00
01:06:39 AM      44      0.00      0.00      0.00      0.00      0.00    100.00
01:06:39 AM      45      0.00      0.00      0.00      0.00      0.00    100.00
01:06:39 AM      46      0.00      0.00      0.00      0.00      0.00    100.00
01:06:39 AM      47      0.00      0.00      0.00      0.00      0.00    100.00

01:06:39 AM     CPU     %user     %nice   %system   %iowait    %steal     %idle
01:06:40 AM     all      0.30      0.00      1.74      0.00      0.00     97.97
01:06:40 AM       0     13.73      0.00     78.43      0.00      0.00      7.84
01:06:40 AM       1      0.00      0.00      0.00      0.00      0.00    100.00
01:06:40 AM       2      0.00      0.00      0.00      0.00      0.00    100.00
01:06:40 AM       3      0.00      0.00      0.00      0.00      0.00    100.00
01:06:40 AM       4      0.00      0.00      0.00      0.00      0.00    100.00
01:06:40 AM       5      0.00      0.00      0.00      0.00      0.00    100.00
01:06:40 AM       6      0.00      0.00      0.00      0.00      0.00    100.00
01:06:40 AM       7      0.00      0.00      0.99      0.00      0.00     99.01
01:06:40 AM       8      0.00      0.00      5.00      0.00      0.00     95.00
01:06:40 AM       9      0.00      0.00      0.00      0.00      0.00    100.00
01:06:40 AM      10      0.00      0.00      0.00      0.00      0.00    100.00
01:06:40 AM      11      0.00      0.00      0.00      0.00      0.00    100.00
01:06:40 AM      12      0.00      0.00      0.00      0.00      0.00    100.00
01:06:40 AM      13      0.00      0.00      0.00      0.00      0.00    100.00
01:06:40 AM      14      0.00      0.00      0.00      0.00      0.00    100.00
01:06:40 AM      15      0.00      0.00      0.00      0.00      0.00    100.00
01:06:40 AM      16      0.00      0.00      0.00      0.00      0.00    100.00
01:06:40 AM      17      0.00      0.00      0.00      0.00      0.00    100.00
01:06:40 AM      18      0.00      0.00      0.00      0.00      0.00    100.00
01:06:40 AM      19      0.00      0.00      0.00      0.00      0.00    100.00
01:06:40 AM      20      0.00      0.00      0.00      0.00      0.00    100.00
01:06:40 AM      21      0.00      0.00      0.00      0.00      0.00    100.00
01:06:40 AM      22      0.00      0.00      0.00      0.00      0.00    100.00
01:06:40 AM      23      0.00      0.00      0.00      0.00      0.00    100.00
01:06:40 AM      24      0.00      0.00      0.00      0.00      0.00    100.00
01:06:40 AM      25      0.98      0.00      0.98      0.00      0.00     98.04
01:06:40 AM      26      0.00      0.00      0.00      0.00      0.00    100.00
01:06:40 AM      27      0.00      0.00      0.00      0.00      0.00    100.00
01:06:40 AM      28      0.00      0.00      0.00      0.00      0.00    100.00
01:06:40 AM      29      0.00      0.00      0.00      0.00      0.00    100.00
01:06:40 AM      30      0.00      0.00      0.00      0.00      0.00    100.00
01:06:40 AM      31      0.00      0.00      0.00      0.00      0.00    100.00
01:06:40 AM      32      0.00      0.00      0.00      0.00      0.00    100.00
01:06:40 AM      33      0.00      0.00      0.00      0.00      0.00    100.00
01:06:40 AM      34      0.00      0.00      0.00      0.00      0.00    100.00
01:06:40 AM      35      0.00      0.00      0.00      0.00      0.00    100.00
01:06:40 AM      36      0.00      0.00      0.00      0.00      0.00    100.00
01:06:40 AM      37      0.00      0.00      0.00      0.00      0.00    100.00
01:06:40 AM      38      0.00      0.00      0.00      0.00      0.00    100.00
01:06:40 AM      39      0.00      0.00      0.00      0.00      0.00    100.00
01:06:40 AM      40      0.00      0.00      0.00      0.00      0.00    100.00
01:06:40 AM      41      0.00      0.00      0.00      0.00      0.00    100.00
01:06:40 AM      42      0.00      0.00      0.00      0.00      0.00    100.00
01:06:40 AM      43      0.00      0.00      0.00      0.00      0.00    100.00
01:06:40 AM      44      0.00      0.00      0.00      0.00      0.00    100.00
01:06:40 AM      45      0.00      0.00      0.00      0.00      0.00    100.00
01:06:40 AM      46      0.00      0.00      0.00      0.00      0.00    100.00
01:06:40 AM      47      0.00      0.00      0.00      0.00      0.00    100.00

01:06:40 AM     CPU     %user     %nice   %system   %iowait    %steal     %idle
01:06:41 AM     all      0.32      0.00      1.65      0.06      0.00     97.97
01:06:41 AM       0     15.15      0.00     77.78      0.00      0.00      7.07
01:06:41 AM       1      0.00      0.00      0.00      0.00      0.00    100.00
01:06:41 AM       2      0.00      0.00      0.00      0.00      0.00    100.00
01:06:41 AM       3      0.00      0.00      0.00      0.00      0.00    100.00
01:06:41 AM       4      0.00      0.00      0.00      0.00      0.00    100.00
01:06:41 AM       5      0.00      0.00      0.00      0.00      0.00    100.00
01:06:41 AM       6      0.00      0.00      0.00      0.00      0.00    100.00
01:06:41 AM       7      0.00      0.00      0.00      3.00      0.00     97.00
01:06:41 AM       8      0.00      0.00      0.00      0.00      0.00    100.00
01:06:41 AM       9      0.00      0.00      0.00      0.00      0.00    100.00
01:06:41 AM      10      0.00      0.00      0.00      0.00      0.00    100.00
01:06:41 AM      11      0.00      0.00      0.00      0.00      0.00    100.00
01:06:41 AM      12      0.00      0.00      0.00      0.00      0.00    100.00
01:06:41 AM      13      0.00      0.00      0.00      0.00      0.00    100.00
01:06:41 AM      14      0.00      0.00      0.00      0.00      0.00    100.00
01:06:41 AM      15      0.00      0.00      0.00      0.00      0.00    100.00
01:06:41 AM      16      0.00      0.00      0.00      0.00      0.00    100.00
01:06:41 AM      17      0.00      0.00      0.00      0.00      0.00    100.00
01:06:41 AM      18      0.00      0.00      0.00      0.00      0.00    100.00
01:06:41 AM      19      0.00      0.00      0.00      0.00      0.00    100.00
01:06:41 AM      20      0.00      0.00      0.00      0.00      0.00    100.00
01:06:41 AM      21      0.00      0.00      0.00      0.00      0.00    100.00
01:06:41 AM      22      0.00      0.00      0.00      0.00      0.00    100.00
01:06:41 AM      23      0.00      0.00      0.00      0.00      0.00    100.00
01:06:41 AM      24      0.00      0.00      0.00      0.00      0.00    100.00
01:06:41 AM      25      0.00      0.00      0.00      0.00      0.00    100.00
01:06:41 AM      26      0.00      0.00      0.00      0.00      0.00    100.00
01:06:41 AM      27      0.00      0.00      0.00      0.00      0.00    100.00
01:06:41 AM      28      0.00      0.00      0.00      0.00      0.00    100.00
01:06:41 AM      29      0.00      0.00      0.00      0.00      0.00    100.00
01:06:41 AM      30      0.00      0.00      0.00      0.00      0.00    100.00
01:06:41 AM      31      0.00      0.00      0.00      0.00      0.00    100.00
01:06:41 AM      32      0.00      0.00      0.00      0.00      0.00    100.00
01:06:41 AM      33      0.00      0.00      0.00      0.00      0.00    100.00
01:06:41 AM      34      0.00      0.00      0.00      0.00      0.00    100.00
01:06:41 AM      35      0.00      0.00      0.00      0.00      0.00    100.00
01:06:41 AM      36      0.00      0.00      0.00      0.00      0.00    100.00
01:06:41 AM      37      0.00      0.00      0.00      0.00      0.00    100.00
01:06:41 AM      38      0.00      0.00      0.00      0.00      0.00    100.00
01:06:41 AM      39      0.00      0.00      0.00      0.00      0.00    100.00
01:06:41 AM      40      0.00      0.00      0.00      0.00      0.00    100.00
01:06:41 AM      41      0.00      0.00      0.00      0.00      0.00    100.00
01:06:41 AM      42      0.00      0.00      0.00      0.00      0.00    100.00
01:06:41 AM      43      0.00      0.00      0.00      0.00      0.00    100.00
01:06:41 AM      44      0.00      0.00      0.00      0.00      0.00    100.00
01:06:41 AM      45      0.00      0.00      0.00      0.00      0.00    100.00
01:06:41 AM      46      0.00      0.00      0.00      0.00      0.00    100.00
01:06:41 AM      47      0.00      0.00      0.00      0.00      0.00    100.00

01:06:41 AM     CPU     %user     %nice   %system   %iowait    %steal     %idle
01:06:42 AM     all      0.34      0.00      1.67      0.00      0.00     97.99
01:06:42 AM       0     15.84      0.00     77.23      0.00      0.00      6.93
01:06:42 AM       1      0.00      0.00      0.00      0.00      0.00    100.00
01:06:42 AM       2      0.99      0.00      0.00      0.00      0.00     99.01
01:06:42 AM       3      0.00      0.00      0.00      0.00      0.00    100.00
01:06:42 AM       4      0.00      0.00      0.00      0.00      0.00    100.00
01:06:42 AM       5      0.00      0.00      0.00      0.00      0.00    100.00
01:06:42 AM       6      0.00      0.00      0.00      0.00      0.00    100.00
01:06:42 AM       7      0.00      0.00      0.00      0.00      0.00    100.00
01:06:42 AM       8      0.00      0.00      5.00      0.00      0.00     95.00
01:06:42 AM       9      0.00      0.00      0.00      0.00      0.00    100.00
01:06:42 AM      10      0.00      0.00      0.00      0.00      0.00    100.00
01:06:42 AM      11      0.00      0.00      0.00      0.00      0.00    100.00
01:06:42 AM      12      0.00      0.00      0.00      0.00      0.00    100.00
01:06:42 AM      13      0.00      0.00      0.00      0.00      0.00    100.00
01:06:42 AM      14      0.00      0.00      0.00      0.00      0.00    100.00
01:06:42 AM      15      0.00      0.00      0.00      0.00      0.00    100.00
01:06:42 AM      16      0.00      0.00      0.00      0.00      0.00    100.00
01:06:42 AM      17      0.00      0.00      0.00      0.00      0.00    100.00
01:06:42 AM      18      0.00      0.00      0.00      0.00      0.00    100.00
01:06:42 AM      19      0.00      0.00      0.00      0.00      0.00    100.00
01:06:42 AM      20      0.00      0.00      0.00      0.00      0.00    100.00
01:06:42 AM      21      0.00      0.00      0.00      0.00      0.00    100.00
01:06:42 AM      22      0.00      0.00      0.00      0.00      0.00    100.00
01:06:42 AM      23      0.00      0.00      0.00      0.00      0.00    100.00
01:06:42 AM      24      0.00      0.00      0.00      0.00      0.00    100.00
01:06:42 AM      25      0.00      0.00      1.00      0.00      0.00     99.00
01:06:42 AM      26      0.00      0.00      0.00      0.00      0.00    100.00
01:06:42 AM      27      0.00      0.00      0.00      0.00      0.00    100.00
01:06:42 AM      28      0.00      0.00      0.00      0.00      0.00    100.00
01:06:42 AM      29      0.00      0.00      0.00      0.00      0.00    100.00
01:06:42 AM      30      0.00      0.00      0.00      0.00      0.00    100.00
01:06:42 AM      31      0.00      0.00      0.00      0.00      0.00    100.00
01:06:42 AM      32      0.00      0.00      0.00      0.00      0.00    100.00
01:06:42 AM      33      0.00      0.00      0.00      0.00      0.00    100.00
01:06:42 AM      34      0.00      0.00      0.00      0.00      0.00    100.00
01:06:42 AM      35      0.00      0.00      0.00      0.00      0.00    100.00
01:06:42 AM      36      0.00      0.00      0.00      0.00      0.00    100.00
01:06:42 AM      37      0.00      0.00      0.00      0.00      0.00    100.00
01:06:42 AM      38      0.00      0.00      0.00      0.00      0.00    100.00
01:06:42 AM      39      0.00      0.00      0.00      0.00      0.00    100.00
01:06:42 AM      40      0.00      0.00      0.00      0.00      0.00    100.00
01:06:42 AM      41      0.00      0.00      0.00      0.00      0.00    100.00
01:06:42 AM      42      0.00      0.00      0.00      0.00      0.00    100.00
01:06:42 AM      43      0.00      0.00      0.00      0.00      0.00    100.00
01:06:42 AM      44      0.00      0.00      0.00      0.00      0.00    100.00
01:06:42 AM      45      0.00      0.00      0.00      0.00      0.00    100.00
01:06:42 AM      46      0.00      0.00      0.00      0.00      0.00    100.00
01:06:42 AM      47      0.00      0.00      0.00      0.00      0.00    100.00

01:06:42 AM     CPU     %user     %nice   %system   %iowait    %steal     %idle
01:06:43 AM     all      0.02      0.00      0.21      0.00      0.00     99.77
01:06:43 AM       0      1.00      0.00      8.00      0.00      0.00     91.00
01:06:43 AM       1      0.00      0.00      0.00      0.00      0.00    100.00
01:06:43 AM       2      0.00      0.00      0.00      0.00      0.00    100.00
01:06:43 AM       3      0.00      0.00      0.00      0.00      0.00    100.00
01:06:43 AM       4      0.00      0.00      0.00      0.00      0.00    100.00
01:06:43 AM       5      0.00      0.00      0.00      0.00      0.00    100.00
01:06:43 AM       6      0.00      0.00      0.00      0.00      0.00    100.00
01:06:43 AM       7      0.00      0.00      0.00      0.00      0.00    100.00
01:06:43 AM       8      0.00      0.00      0.00      0.00      0.00    100.00
01:06:43 AM       9      0.00      0.00      0.00      0.00      0.00    100.00
01:06:43 AM      10      0.00      0.00      0.00      0.00      0.00    100.00
01:06:43 AM      11      0.00      0.00      0.00      0.00      0.00    100.00
01:06:43 AM      12      0.00      0.00      0.00      0.00      0.00    100.00
01:06:43 AM      13      0.00      0.00      0.00      0.00      0.00    100.00
01:06:43 AM      14      0.00      0.00      0.00      0.00      0.00    100.00
01:06:43 AM      15      0.00      0.00      0.00      0.00      0.00    100.00
01:06:43 AM      16      0.00      0.00      0.00      0.00      0.00    100.00
01:06:43 AM      17      0.00      0.00      0.00      0.00      0.00    100.00
01:06:43 AM      18      0.00      0.00      0.00      0.00      0.00    100.00
01:06:43 AM      19      0.00      0.00      0.00      0.00      0.00    100.00
01:06:43 AM      20      0.00      0.00      0.00      0.00      0.00    100.00
01:06:43 AM      21      0.00      0.00      0.00      0.00      0.00    100.00
01:06:43 AM      22      0.00      0.00      0.00      0.00      0.00    100.00
01:06:43 AM      23      0.00      0.00      0.00      0.00      0.00    100.00
01:06:43 AM      24      0.00      0.00      0.00      0.00      0.00    100.00
01:06:43 AM      25      0.00      0.00      1.00      0.00      0.00     99.00
01:06:43 AM      26      0.00      0.00      0.00      0.00      0.00    100.00
01:06:43 AM      27      0.00      0.00      0.00      0.00      0.00    100.00
01:06:43 AM      28      0.00      0.00      0.00      0.00      0.00    100.00
01:06:43 AM      29      0.00      0.00      0.00      0.00      0.00    100.00
01:06:43 AM      30      0.00      0.00      0.00      0.00      0.00    100.00
01:06:43 AM      31      0.00      0.00      0.00      0.00      0.00    100.00
01:06:43 AM      32      0.00      0.00      0.00      0.00      0.00    100.00
01:06:43 AM      33      0.00      0.00      0.00      0.00      0.00    100.00
01:06:43 AM      34      0.00      0.00      0.00      0.00      0.00    100.00
01:06:43 AM      35      0.00      0.00      0.00      0.00      0.00    100.00
01:06:43 AM      36      0.00      0.00      0.00      0.00      0.00    100.00
01:06:43 AM      37      0.00      0.00      0.00      0.00      0.00    100.00
01:06:43 AM      38      0.00      0.00      0.00      0.00      0.00    100.00
01:06:43 AM      39      0.00      0.00      0.00      0.00      0.00    100.00
01:06:43 AM      40      0.00      0.00      0.00      0.00      0.00    100.00
01:06:43 AM      41      0.00      0.00      0.00      0.00      0.00    100.00
01:06:43 AM      42      0.00      0.00      0.00      0.00      0.00    100.00
01:06:43 AM      43      0.00      0.00      0.00      0.00      0.00    100.00
01:06:43 AM      44      0.00      0.00      0.00      0.00      0.00    100.00
01:06:43 AM      45      0.00      0.00      0.00      0.00      0.00    100.00
01:06:43 AM      46      0.00      0.00      0.00      0.00      0.00    100.00
01:06:43 AM      47      0.00      0.00      0.00      0.00      0.00    100.00

01:06:43 AM     CPU     %user     %nice   %system   %iowait    %steal     %idle
01:06:44 AM     all      0.00      0.00      0.04      0.00      0.00     99.96
01:06:44 AM       0      0.00      0.00      0.00      0.00      0.00    100.00
01:06:44 AM       1      0.00      0.00      0.00      0.00      0.00    100.00
01:06:44 AM       2      0.00      0.00      0.00      0.00      0.00    100.00
01:06:44 AM       3      0.00      0.00      0.00      0.00      0.00    100.00
01:06:44 AM       4      0.00      0.00      0.00      0.00      0.00    100.00
01:06:44 AM       5      0.00      0.00      0.00      0.00      0.00    100.00
01:06:44 AM       6      0.00      0.00      0.00      0.00      0.00    100.00
01:06:44 AM       7      0.00      0.00      0.00      0.00      0.00    100.00
01:06:44 AM       8      0.00      0.00      0.00      0.00      0.00    100.00
01:06:44 AM       9      0.00      0.00      0.00      0.00      0.00    100.00
01:06:44 AM      10      0.00      0.00      0.00      0.00      0.00    100.00
01:06:44 AM      11      0.00      0.00      0.00      0.00      0.00    100.00
01:06:44 AM      12      0.00      0.00      0.00      0.00      0.00    100.00
01:06:44 AM      13      0.00      0.00      0.00      0.00      0.00    100.00
01:06:44 AM      14      0.00      0.00      0.00      0.00      0.00    100.00
01:06:44 AM      15      0.00      0.00      0.00      0.00      0.00    100.00
01:06:44 AM      16      0.00      0.00      0.00      0.00      0.00    100.00
01:06:44 AM      17      0.00      0.00      0.00      0.00      0.00    100.00
01:06:44 AM      18      0.00      0.00      0.00      0.00      0.00    100.00
01:06:44 AM      19      0.00      0.00      1.00      0.00      0.00     99.00
01:06:44 AM      20      0.00      0.00      0.00      0.00      0.00    100.00
01:06:44 AM      21      0.00      0.00      0.00      0.00      0.00    100.00
01:06:44 AM      22      0.00      0.00      0.00      0.00      0.00    100.00
01:06:44 AM      23      0.00      0.00      0.00      0.00      0.00    100.00
01:06:44 AM      24      0.00      0.00      0.00      0.00      0.00    100.00
01:06:44 AM      25      0.00      0.00      0.99      0.00      0.00     99.01
01:06:44 AM      26      0.00      0.00      0.00      0.00      0.00    100.00
01:06:44 AM      27      0.00      0.00      0.00      0.00      0.00    100.00
01:06:44 AM      28      0.00      0.00      0.00      0.00      0.00    100.00
01:06:44 AM      29      0.00      0.00      0.00      0.00      0.00    100.00
01:06:44 AM      30      0.00      0.00      0.00      0.00      0.00    100.00
01:06:44 AM      31      0.00      0.00      0.00      0.00      0.00    100.00
01:06:44 AM      32      0.00      0.00      0.00      0.00      0.00    100.00
01:06:44 AM      33      0.00      0.00      0.00      0.00      0.00    100.00
01:06:44 AM      34      0.00      0.00      0.00      0.00      0.00    100.00
01:06:44 AM      35      0.00      0.00      0.00      0.00      0.00    100.00
01:06:44 AM      36      0.00      0.00      0.00      0.00      0.00    100.00
01:06:44 AM      37      0.00      0.00      0.00      0.00      0.00    100.00
01:06:44 AM      38      0.00      0.00      0.00      0.00      0.00    100.00
01:06:44 AM      39      0.00      0.00      0.00      0.00      0.00    100.00
01:06:44 AM      40      0.00      0.00      0.00      0.00      0.00    100.00
01:06:44 AM      41      0.00      0.00      0.00      0.00      0.00    100.00
01:06:44 AM      42      0.00      0.00      0.00      0.00      0.00    100.00
01:06:44 AM      43      0.00      0.00      0.00      0.00      0.00    100.00
01:06:44 AM      44      0.00      0.00      0.00      0.00      0.00    100.00
01:06:44 AM      45      0.00      0.00      0.00      0.00      0.00    100.00
01:06:44 AM      46      0.00      0.00      0.00      0.00      0.00    100.00
01:06:44 AM      47      0.00      0.00      0.00      0.00      0.00    100.00

01:06:44 AM     CPU     %user     %nice   %system   %iowait    %steal     %idle
01:06:45 AM     all      0.00      0.00      0.02      0.00      0.00     99.98
01:06:45 AM       0      0.00      0.00      0.00      0.00      0.00    100.00
01:06:45 AM       1      0.00      0.00      0.00      0.00      0.00    100.00
01:06:45 AM       2      0.00      0.00      0.00      0.00      0.00    100.00
01:06:45 AM       3      0.00      0.00      0.00      0.00      0.00    100.00
01:06:45 AM       4      0.00      0.00      0.00      0.00      0.00    100.00
01:06:45 AM       5      0.00      0.00      0.00      0.00      0.00    100.00
01:06:45 AM       6      0.00      0.00      0.00      0.00      0.00    100.00
01:06:45 AM       7      0.00      0.00      0.00      0.00      0.00    100.00
01:06:45 AM       8      0.00      0.00      0.00      0.00      0.00    100.00
01:06:45 AM       9      0.00      0.00      0.00      0.00      0.00    100.00
01:06:45 AM      10      0.00      0.00      0.00      0.00      0.00    100.00
01:06:45 AM      11      0.00      0.00      0.00      0.00      0.00    100.00
01:06:45 AM      12      0.00      0.00      0.00      0.00      0.00    100.00
01:06:45 AM      13      0.00      0.00      0.00      0.00      0.00    100.00
01:06:45 AM      14      0.00      0.00      0.00      0.00      0.00    100.00
01:06:45 AM      15      0.00      0.00      0.00      0.00      0.00    100.00
01:06:45 AM      16      0.00      0.00      0.00      0.00      0.00    100.00
01:06:45 AM      17      0.00      0.00      0.00      0.00      0.00    100.00
01:06:45 AM      18      0.00      0.00      0.00      0.00      0.00    100.00
01:06:45 AM      19      0.00      0.00      0.00      0.00      0.00    100.00
01:06:45 AM      20      0.00      0.00      0.00      0.00      0.00    100.00
01:06:45 AM      21      0.00      0.00      0.00      0.00      0.00    100.00
01:06:45 AM      22      0.00      0.00      0.00      0.00      0.00    100.00
01:06:45 AM      23      0.00      0.00      0.00      0.00      0.00    100.00
01:06:45 AM      24      0.00      0.00      0.00      0.00      0.00    100.00
01:06:45 AM      25      0.00      0.00      0.00      0.00      0.00    100.00
01:06:45 AM      26      0.00      0.00      0.00      0.00      0.00    100.00
01:06:45 AM      27      0.00      0.00      0.00      0.00      0.00    100.00
01:06:45 AM      28      0.00      0.00      0.00      0.00      0.00    100.00
01:06:45 AM      29      0.00      0.00      0.00      0.00      0.00    100.00
01:06:45 AM      30      0.00      0.00      0.00      0.00      0.00    100.00
01:06:45 AM      31      0.00      0.00      0.00      0.00      0.00    100.00
01:06:45 AM      32      0.00      0.00      0.00      0.00      0.00    100.00
01:06:45 AM      33      0.00      0.00      0.00      0.00      0.00    100.00
01:06:45 AM      34      0.00      0.00      0.00      0.00      0.00    100.00
01:06:45 AM      35      0.00      0.00      0.00      0.00      0.00    100.00
01:06:45 AM      36      0.00      0.00      0.00      0.00      0.00    100.00
01:06:45 AM      37      0.00      0.00      0.00      0.00      0.00    100.00
01:06:45 AM      38      0.00      0.00      0.00      0.00      0.00    100.00
01:06:45 AM      39      0.00      0.00      0.00      0.00      0.00    100.00
01:06:45 AM      40      0.00      0.00      0.00      0.00      0.00    100.00
01:06:45 AM      41      0.00      0.00      0.00      0.00      0.00    100.00
01:06:45 AM      42      0.00      0.00      0.00      0.00      0.00    100.00
01:06:45 AM      43      0.00      0.00      0.00      0.00      0.00    100.00
01:06:45 AM      44      0.00      0.00      0.00      0.00      0.00    100.00
01:06:45 AM      45      0.00      0.00      0.00      0.00      0.00    100.00
01:06:45 AM      46      0.00      0.00      0.00      0.00      0.00    100.00
01:06:45 AM      47      0.00      0.00      0.00      0.00      0.00    100.00

01:06:45 AM     CPU     %user     %nice   %system   %iowait    %steal     %idle
01:06:46 AM     all      0.00      0.00      0.00      0.06      0.00     99.94
01:06:46 AM       0      0.00      0.00      0.00      0.00      0.00    100.00
01:06:46 AM       1      0.00      0.00      0.00      0.00      0.00    100.00
01:06:46 AM       2      0.00      0.00      0.99      0.00      0.00     99.01
01:06:46 AM       3      0.00      0.00      0.00      0.00      0.00    100.00
01:06:46 AM       4      0.00      0.00      0.00      0.00      0.00    100.00
01:06:46 AM       5      0.00      0.00      0.00      0.00      0.00    100.00
01:06:46 AM       6      0.00      0.00      0.00      0.00      0.00    100.00
01:06:46 AM       7      0.00      0.00      0.00      3.00      0.00     97.00
01:06:46 AM       8      0.00      0.00      0.00      0.00      0.00    100.00
01:06:46 AM       9      0.00      0.00      0.00      0.00      0.00    100.00
01:06:46 AM      10      0.00      0.00      0.00      0.00      0.00    100.00
01:06:46 AM      11      0.00      0.00      0.00      0.00      0.00    100.00
01:06:46 AM      12      0.00      0.00      0.00      0.00      0.00    100.00
01:06:46 AM      13      0.00      0.00      0.00      0.00      0.00    100.00
01:06:46 AM      14      0.00      0.00      0.00      0.00      0.00    100.00
01:06:46 AM      15      0.00      0.00      0.00      0.00      0.00    100.00
01:06:46 AM      16      0.00      0.00      0.00      0.00      0.00    100.00
01:06:46 AM      17      0.00      0.00      0.00      0.00      0.00    100.00
01:06:46 AM      18      0.00      0.00      0.00      0.00      0.00    100.00
01:06:46 AM      19      0.00      0.00      0.00      0.00      0.00    100.00
01:06:46 AM      20      0.00      0.00      0.00      0.00      0.00    100.00
01:06:46 AM      21      0.00      0.00      0.00      0.00      0.00    100.00
01:06:46 AM      22      0.00      0.00      0.00      0.00      0.00    100.00
01:06:46 AM      23      0.00      0.00      0.00      0.00      0.00    100.00
01:06:46 AM      24      0.00      0.00      0.00      0.00      0.00    100.00
01:06:46 AM      25      0.00      0.00      1.00      0.00      0.00     99.00
01:06:46 AM      26      0.00      0.00      0.00      0.00      0.00    100.00
01:06:46 AM      27      0.00      0.00      0.00      0.00      0.00    100.00
01:06:46 AM      28      0.00      0.00      0.00      0.00      0.00    100.00
01:06:46 AM      29      0.00      0.00      0.00      0.00      0.00    100.00
01:06:46 AM      30      0.00      0.00      0.00      0.00      0.00    100.00
01:06:46 AM      31      0.00      0.00      0.00      0.00      0.00    100.00
01:06:46 AM      32      0.00      0.00      0.00      0.00      0.00    100.00
01:06:46 AM      33      0.00      0.00      0.00      0.00      0.00    100.00
01:06:46 AM      34      0.00      0.00      0.00      0.00      0.00    100.00
01:06:46 AM      35      0.00      0.00      0.00      0.00      0.00    100.00
01:06:46 AM      36      0.00      0.00      0.00      0.00      0.00    100.00
01:06:46 AM      37      0.00      0.00      0.00      0.00      0.00    100.00
01:06:46 AM      38      0.00      0.00      0.00      0.00      0.00    100.00
01:06:46 AM      39      0.00      0.00      0.00      0.00      0.00    100.00
01:06:46 AM      40      0.00      0.00      0.00      0.00      0.00    100.00
01:06:46 AM      41      0.00      0.00      0.00      0.00      0.00    100.00
01:06:46 AM      42      0.00      0.00      0.00      0.00      0.00    100.00
01:06:46 AM      43      0.00      0.00      0.00      0.00      0.00    100.00
01:06:46 AM      44      0.00      0.00      0.00      0.00      0.00    100.00
01:06:46 AM      45      0.00      0.00      0.00      0.00      0.00    100.00
01:06:46 AM      46      0.00      0.00      0.00      0.00      0.00    100.00
01:06:46 AM      47      0.00      0.00      0.00      0.00      0.00    100.00

01:06:46 AM     CPU     %user     %nice   %system   %iowait    %steal     %idle
01:06:47 AM     all      0.00      0.00      0.02      0.00      0.00     99.98
01:06:47 AM       0      0.00      0.00      0.00      0.00      0.00    100.00
01:06:47 AM       1      0.00      0.00      0.00      0.00      0.00    100.00
01:06:47 AM       2      0.00      0.00      0.00      0.00      0.00    100.00
01:06:47 AM       3      0.00      0.00      0.00      0.00      0.00    100.00
01:06:47 AM       4      0.00      0.00      0.00      0.00      0.00    100.00
01:06:47 AM       5      0.00      0.00      0.00      0.00      0.00    100.00
01:06:47 AM       6      0.00      0.00      0.00      0.00      0.00    100.00
01:06:47 AM       7      0.00      0.00      0.00      0.00      0.00    100.00
01:06:47 AM       8      0.00      0.00      0.00      0.00      0.00    100.00
01:06:47 AM       9      0.00      0.00      0.00      0.00      0.00    100.00
01:06:47 AM      10      0.00      0.00      0.00      0.00      0.00    100.00
01:06:47 AM      11      0.00      0.00      0.00      0.00      0.00    100.00
01:06:47 AM      12      0.00      0.00      1.00      0.00      0.00     99.00
01:06:47 AM      13      0.00      0.00      0.00      0.00      0.00    100.00
01:06:47 AM      14      0.00      0.00      0.00      0.00      0.00    100.00
01:06:47 AM      15      0.00      0.00      0.00      0.00      0.00    100.00
01:06:47 AM      16      0.00      0.00      0.00      0.00      0.00    100.00
01:06:47 AM      17      0.00      0.00      0.00      0.00      0.00    100.00
01:06:47 AM      18      0.00      0.00      0.00      0.00      0.00    100.00
01:06:47 AM      19      0.00      0.00      0.00      0.00      0.00    100.00
01:06:47 AM      20      0.00      0.00      0.00      0.00      0.00    100.00
01:06:47 AM      21      0.00      0.00      0.00      0.00      0.00    100.00
01:06:47 AM      22      0.00      0.00      0.00      0.00      0.00    100.00
01:06:47 AM      23      0.00      0.00      0.00      0.00      0.00    100.00
01:06:47 AM      24      0.00      0.00      0.00      0.00      0.00    100.00
01:06:47 AM      25      0.00      0.00      0.00      0.00      0.00    100.00
01:06:47 AM      26      0.00      0.00      0.00      0.00      0.00    100.00
01:06:47 AM      27      0.00      0.00      0.00      0.00      0.00    100.00
01:06:47 AM      28      0.00      0.00      0.00      0.00      0.00    100.00
01:06:47 AM      29      0.00      0.00      0.00      0.00      0.00    100.00
01:06:47 AM      30      0.00      0.00      0.00      0.00      0.00    100.00
01:06:47 AM      31      0.00      0.00      0.00      0.00      0.00    100.00
01:06:47 AM      32      0.00      0.00      0.00      0.00      0.00    100.00
01:06:47 AM      33      0.00      0.00      0.00      0.00      0.00    100.00
01:06:47 AM      34      0.00      0.00      0.00      0.00      0.00    100.00
01:06:47 AM      35      0.00      0.00      0.00      0.00      0.00    100.00
01:06:47 AM      36      0.00      0.00      0.00      0.00      0.00    100.00
01:06:47 AM      37      0.00      0.00      0.00      0.00      0.00    100.00
01:06:47 AM      38      0.00      0.00      0.00      0.00      0.00    100.00
01:06:47 AM      39      0.00      0.00      0.00      0.00      0.00    100.00
01:06:47 AM      40      0.00      0.00      0.00      0.00      0.00    100.00
01:06:47 AM      41      0.00      0.00      0.00      0.00      0.00    100.00
01:06:47 AM      42      0.00      0.00      0.00      0.00      0.00    100.00
01:06:47 AM      43      0.00      0.00      0.00      0.00      0.00    100.00
01:06:47 AM      44      0.00      0.00      0.00      0.00      0.00    100.00
01:06:47 AM      45      0.00      0.00      0.00      0.00      0.00    100.00
01:06:47 AM      46      0.00      0.00      0.00      0.00      0.00    100.00
01:06:47 AM      47      0.00      0.00      0.00      0.00      0.00    100.00

01:06:47 AM     CPU     %user     %nice   %system   %iowait    %steal     %idle
01:06:48 AM     all      0.00      0.00      0.02      0.00      0.00     99.98
01:06:48 AM       0      0.00      0.00      0.00      0.00      0.00    100.00
01:06:48 AM       1      0.00      0.00      0.00      0.00      0.00    100.00
01:06:48 AM       2      0.00      0.00      0.00      0.00      0.00    100.00
01:06:48 AM       3      0.00      0.00      0.00      0.00      0.00    100.00
01:06:48 AM       4      0.00      0.00      0.00      0.00      0.00    100.00
01:06:48 AM       5      0.00      0.00      0.00      0.00      0.00    100.00
01:06:48 AM       6      0.00      0.00      0.00      0.00      0.00    100.00
01:06:48 AM       7      0.00      0.00      0.00      0.00      0.00    100.00
01:06:48 AM       8      0.00      0.00      0.00      0.00      0.00    100.00
01:06:48 AM       9      0.00      0.00      0.00      0.00      0.00    100.00
01:06:48 AM      10      0.00      0.00      0.00      0.00      0.00    100.00
01:06:48 AM      11      0.00      0.00      0.00      0.00      0.00    100.00
01:06:48 AM      12      0.00      0.00      0.00      0.00      0.00    100.00
01:06:48 AM      13      0.00      0.00      0.00      0.00      0.00    100.00
01:06:48 AM      14      0.00      0.00      0.00      0.00      0.00    100.00
01:06:48 AM      15      0.00      0.00      0.00      0.00      0.00    100.00
01:06:48 AM      16      0.00      0.00      0.00      0.00      0.00    100.00
01:06:48 AM      17      0.00      0.00      0.00      0.00      0.00    100.00
01:06:48 AM      18      0.00      0.00      0.00      0.00      0.00    100.00
01:06:48 AM      19      0.00      0.00      0.00      0.00      0.00    100.00
01:06:48 AM      20      0.00      0.00      0.00      0.00      0.00    100.00
01:06:48 AM      21      0.00      0.00      0.00      0.00      0.00    100.00
01:06:48 AM      22      0.00      0.00      0.00      0.00      0.00    100.00
01:06:48 AM      23      0.00      0.00      0.00      0.00      0.00    100.00
01:06:48 AM      24      0.00      0.00      0.00      0.00      0.00    100.00
01:06:48 AM      25      0.00      0.00      1.00      0.00      0.00     99.00
01:06:48 AM      26      0.00      0.00      0.00      0.00      0.00    100.00
01:06:48 AM      27      0.00      0.00      0.00      0.00      0.00    100.00
01:06:48 AM      28      0.00      0.00      0.00      0.00      0.00    100.00
01:06:48 AM      29      0.00      0.00      0.00      0.00      0.00    100.00
01:06:48 AM      30      0.00      0.00      0.00      0.00      0.00    100.00
01:06:48 AM      31      0.00      0.00      0.00      0.00      0.00    100.00
01:06:48 AM      32      0.00      0.00      0.00      0.00      0.00    100.00
01:06:48 AM      33      0.00      0.00      0.00      0.00      0.00    100.00
01:06:48 AM      34      0.00      0.00      0.00      0.00      0.00    100.00
01:06:48 AM      35      0.00      0.00      0.00      0.00      0.00    100.00
01:06:48 AM      36      0.00      0.00      0.00      0.00      0.00    100.00
01:06:48 AM      37      0.00      0.00      0.00      0.00      0.00    100.00
01:06:48 AM      38      0.00      0.00      0.00      0.00      0.00    100.00
01:06:48 AM      39      0.00      0.00      0.00      0.00      0.00    100.00
01:06:48 AM      40      0.00      0.00      0.00      0.00      0.00    100.00
01:06:48 AM      41      0.00      0.00      0.00      0.00      0.00    100.00
01:06:48 AM      42      0.00      0.00      0.00      0.00      0.00    100.00
01:06:48 AM      43      0.00      0.00      0.00      0.00      0.00    100.00
01:06:48 AM      44      0.00      0.00      0.00      0.00      0.00    100.00
01:06:48 AM      45      0.00      0.00      0.00      0.00      0.00    100.00
01:06:48 AM      46      0.00      0.00      0.00      0.00      0.00    100.00
01:06:48 AM      47      0.00      0.00      0.00      0.00      0.00    100.00

01:06:48 AM     CPU     %user     %nice   %system   %iowait    %steal     %idle
01:06:49 AM     all      0.00      0.00      0.02      0.00      0.00     99.98
01:06:49 AM       0      0.00      0.00      0.00      0.00      0.00    100.00
01:06:49 AM       1      0.00      0.00      0.00      0.00      0.00    100.00
01:06:49 AM       2      0.00      0.00      0.00      0.00      0.00    100.00
01:06:49 AM       3      0.00      0.00      0.00      0.00      0.00    100.00
01:06:49 AM       4      0.00      0.00      0.00      0.00      0.00    100.00
01:06:49 AM       5      0.00      0.00      0.00      0.00      0.00    100.00
01:06:49 AM       6      0.00      0.00      0.00      0.00      0.00    100.00
01:06:49 AM       7      0.00      0.00      0.00      0.00      0.00    100.00
01:06:49 AM       8      0.00      0.00      0.00      0.00      0.00    100.00
01:06:49 AM       9      0.00      0.00      0.00      0.00      0.00    100.00
01:06:49 AM      10      0.00      0.00      0.00      0.00      0.00    100.00
01:06:49 AM      11      0.00      0.00      0.00      0.00      0.00    100.00
01:06:49 AM      12      0.00      0.00      0.99      0.00      0.00     99.01
01:06:49 AM      13      0.00      0.00      0.00      0.00      0.00    100.00
01:06:49 AM      14      0.00      0.00      0.00      0.00      0.00    100.00
01:06:49 AM      15      0.00      0.00      0.00      0.00      0.00    100.00
01:06:49 AM      16      0.00      0.00      0.00      0.00      0.00    100.00
01:06:49 AM      17      0.00      0.00      0.00      0.00      0.00    100.00
01:06:49 AM      18      0.00      0.00      0.00      0.00      0.00    100.00
01:06:49 AM      19      0.00      0.00      0.00      0.00      0.00    100.00
01:06:49 AM      20      0.00      0.00      0.00      0.00      0.00    100.00
01:06:49 AM      21      0.00      0.00      0.00      0.00      0.00    100.00
01:06:49 AM      22      0.00      0.00      0.00      0.00      0.00    100.00
01:06:49 AM      23      0.00      0.00      0.00      0.00      0.00    100.00
01:06:49 AM      24      0.00      0.00      0.00      0.00      0.00    100.00
01:06:49 AM      25      0.00      0.00      0.00      0.00      0.00    100.00
01:06:49 AM      26      0.00      0.00      0.00      0.00      0.00    100.00
01:06:49 AM      27      0.00      0.00      0.00      0.00      0.00    100.00
01:06:49 AM      28      0.00      0.00      0.00      0.00      0.00    100.00
01:06:49 AM      29      0.00      0.00      0.00      0.00      0.00    100.00
01:06:49 AM      30      0.00      0.00      0.00      0.00      0.00    100.00
01:06:49 AM      31      0.00      0.00      0.00      0.00      0.00    100.00
01:06:49 AM      32      0.00      0.00      0.00      0.00      0.00    100.00
01:06:49 AM      33      0.00      0.00      0.00      0.00      0.00    100.00
01:06:49 AM      34      0.00      0.00      0.00      0.00      0.00    100.00
01:06:49 AM      35      0.00      0.00      0.00      0.00      0.00    100.00
01:06:49 AM      36      0.00      0.00      0.00      0.00      0.00    100.00
01:06:49 AM      37      0.00      0.00      0.00      0.00      0.00    100.00
01:06:49 AM      38      0.00      0.00      0.00      0.00      0.00    100.00
01:06:49 AM      39      0.00      0.00      0.00      0.00      0.00    100.00
01:06:49 AM      40      0.00      0.00      0.00      0.00      0.00    100.00
01:06:49 AM      41      0.00      0.00      0.00      0.00      0.00    100.00
01:06:49 AM      42      0.00      0.00      0.00      0.00      0.00    100.00
01:06:49 AM      43      0.00      0.00      0.00      0.00      0.00    100.00
01:06:49 AM      44      0.00      0.00      0.00      0.00      0.00    100.00
01:06:49 AM      45      0.00      0.00      0.00      0.00      0.00    100.00
01:06:49 AM      46      0.00      0.00      0.00      0.00      0.00    100.00
01:06:49 AM      47      0.00      0.00      0.00      0.00      0.00    100.00

01:06:49 AM     CPU     %user     %nice   %system   %iowait    %steal     %idle
01:06:50 AM     all      0.00      0.00      0.02      0.00      0.00     99.98
01:06:50 AM       0      0.00      0.00      0.00      0.00      0.00    100.00
01:06:50 AM       1      0.00      0.00      0.00      0.00      0.00    100.00
01:06:50 AM       2      0.00      0.00      0.00      0.00      0.00    100.00
01:06:50 AM       3      0.00      0.00      0.00      0.00      0.00    100.00
01:06:50 AM       4      0.00      0.00      0.00      0.00      0.00    100.00
01:06:50 AM       5      0.00      0.00      0.00      0.00      0.00    100.00
01:06:50 AM       6      0.00      0.00      0.00      0.00      0.00    100.00
01:06:50 AM       7      0.00      0.00      0.00      0.00      0.00    100.00
01:06:50 AM       8      0.00      0.00      0.00      0.00      0.00    100.00
01:06:50 AM       9      0.00      0.00      0.00      0.00      0.00    100.00
01:06:50 AM      10      0.00      0.00      0.00      0.00      0.00    100.00
01:06:50 AM      11      0.00      0.00      0.00      0.00      0.00    100.00
01:06:50 AM      12      0.00      0.00      0.00      0.00      0.00    100.00
01:06:50 AM      13      0.00      0.00      0.00      0.00      0.00    100.00
01:06:50 AM      14      0.00      0.00      0.00      0.00      0.00    100.00
01:06:50 AM      15      0.00      0.00      0.00      0.00      0.00    100.00
01:06:50 AM      16      0.00      0.00      0.00      0.00      0.00    100.00
01:06:50 AM      17      0.00      0.00      0.00      0.00      0.00    100.00
01:06:50 AM      18      0.00      0.00      0.00      0.00      0.00    100.00
01:06:50 AM      19      0.00      0.00      0.00      0.00      0.00    100.00
01:06:50 AM      20      0.00      0.00      0.00      0.00      0.00    100.00
01:06:50 AM      21      0.00      0.00      0.00      0.00      0.00    100.00
01:06:50 AM      22      0.00      0.00      0.00      0.00      0.00    100.00
01:06:50 AM      23      0.00      0.00      0.00      0.00      0.00    100.00
01:06:50 AM      24      0.00      0.00      0.00      0.00      0.00    100.00
01:06:50 AM      25      0.00      0.00      1.00      0.00      0.00     99.00
01:06:50 AM      26      0.00      0.00      0.00      0.00      0.00    100.00
01:06:50 AM      27      0.00      0.00      0.00      0.00      0.00    100.00
01:06:50 AM      28      0.00      0.00      0.00      0.00      0.00    100.00
01:06:50 AM      29      0.00      0.00      0.00      0.00      0.00    100.00
01:06:50 AM      30      0.00      0.00      0.00      0.00      0.00    100.00
01:06:50 AM      31      0.00      0.00      0.00      0.00      0.00    100.00
01:06:50 AM      32      0.00      0.00      0.00      0.00      0.00    100.00
01:06:50 AM      33      0.00      0.00      0.00      0.00      0.00    100.00
01:06:50 AM      34      0.00      0.00      0.00      0.00      0.00    100.00
01:06:50 AM      35      0.00      0.00      0.00      0.00      0.00    100.00
01:06:50 AM      36      0.00      0.00      0.00      0.00      0.00    100.00
01:06:50 AM      37      0.00      0.00      0.00      0.00      0.00    100.00
01:06:50 AM      38      0.00      0.00      0.00      0.00      0.00    100.00
01:06:50 AM      39      0.00      0.00      0.00      0.00      0.00    100.00
01:06:50 AM      40      0.00      0.00      0.00      0.00      0.00    100.00
01:06:50 AM      41      0.00      0.00      0.00      0.00      0.00    100.00
01:06:50 AM      42      0.00      0.00      0.00      0.00      0.00    100.00
01:06:50 AM      43      0.00      0.00      0.00      0.00      0.00    100.00
01:06:50 AM      44      0.00      0.00      0.00      0.00      0.00    100.00
01:06:50 AM      45      0.00      0.00      0.00      0.00      0.00    100.00
01:06:50 AM      46      0.00      0.00      0.00      0.00      0.00    100.00
01:06:50 AM      47      0.00      0.00      0.00      0.00      0.00    100.00

Average:        CPU     %user     %nice   %system   %iowait    %steal     %idle
Average:        all      0.16      0.00      0.88      0.01      0.00     98.95
Average:          0      7.39      0.00     40.49      0.00      0.00     52.12
Average:          1      0.00      0.00      0.00      0.00      0.00    100.00
Average:          2      0.05      0.00      0.10      0.00      0.00     99.85
Average:          3      0.00      0.00      0.00      0.00      0.00    100.00
Average:          4      0.00      0.00      0.00      0.00      0.00    100.00
Average:          5      0.00      0.00      0.00      0.00      0.00    100.00
Average:          6      0.00      0.00      0.05      0.00      0.00     99.95
Average:          7      0.00      0.00      0.05      0.45      0.00     99.50
Average:          8      0.00      0.00      0.42      0.00      0.00     99.58
Average:          9      0.00      0.00      0.00      0.00      0.00    100.00
Average:         10      0.00      0.00      0.00      0.00      0.00    100.00
Average:         11      0.00      0.00      0.00      0.00      0.00    100.00
Average:         12      0.00      0.00      0.10      0.00      0.00     99.90
Average:         13      0.00      0.00      0.00      0.00      0.00    100.00
Average:         14      0.00      0.00      0.00      0.00      0.00    100.00
Average:         15      0.00      0.00      0.00      0.00      0.00    100.00
Average:         16      0.00      0.00      0.00      0.00      0.00    100.00
Average:         17      0.00      0.00      0.00      0.00      0.00    100.00
Average:         18      0.00      0.00      0.00      0.00      0.00    100.00
Average:         19      0.00      0.00      0.10      0.00      0.00     99.90
Average:         20      0.00      0.00      0.00      0.00      0.00    100.00
Average:         21      0.00      0.00      0.00      0.00      0.00    100.00
Average:         22      0.00      0.00      0.00      0.00      0.00    100.00
Average:         23      0.00      0.00      0.00      0.00      0.00    100.00
Average:         24      0.00      0.00      0.00      0.00      0.00    100.00
Average:         25      0.05      0.00      0.70      0.00      0.00     99.25
Average:         26      0.00      0.00      0.00      0.00      0.00    100.00
Average:         27      0.00      0.00      0.00      0.00      0.00    100.00
Average:         28      0.00      0.00      0.00      0.00      0.00    100.00
Average:         29      0.00      0.00      0.00      0.00      0.00    100.00
Average:         30      0.00      0.00      0.00      0.00      0.00    100.00
Average:         31      0.00      0.00      0.00      0.00      0.00    100.00
Average:         32      0.00      0.00      0.00      0.00      0.00    100.00
Average:         33      0.00      0.00      0.00      0.00      0.00    100.00
Average:         34      0.00      0.00      0.00      0.00      0.00    100.00
Average:         35      0.00      0.00      0.00      0.00      0.00    100.00
Average:         36      0.00      0.00      0.00      0.00      0.00    100.00
Average:         37      0.00      0.00      0.00      0.00      0.00    100.00
Average:         38      0.00      0.00      0.00      0.00      0.00    100.00
Average:         39      0.00      0.00      0.00      0.00      0.00    100.00
Average:         40      0.00      0.00      0.00      0.00      0.00    100.00
Average:         41      0.00      0.00      0.00      0.00      0.00    100.00
Average:         42      0.00      0.00      0.00      0.00      0.00    100.00
Average:         43      0.05      0.00      0.10      0.00      0.00     99.85
Average:         44      0.00      0.00      0.00      0.00      0.00    100.00
Average:         45      0.00      0.00      0.00      0.00      0.00    100.00
Average:         46      0.00      0.00      0.00      0.00      0.00    100.00
Average:         47      0.00      0.00      0.00      0.00      0.00    100.00
