Linux 3.10.0-514.el7.x86_64 (localhost.localdomain) 	02/19/2020 	_x86_64_	(48 CPU)

12:59:47 AM     CPU     %user     %nice   %system   %iowait    %steal     %idle
12:59:48 AM     all      0.00      0.00      0.02      0.00      0.00     99.98
12:59:48 AM       0      0.00      0.00      0.00      0.00      0.00    100.00
12:59:48 AM       1      0.00      0.00      0.00      0.00      0.00    100.00
12:59:48 AM       2      0.00      0.00      0.00      0.00      0.00    100.00
12:59:48 AM       3      0.00      0.00      0.00      0.00      0.00    100.00
12:59:48 AM       4      0.00      0.00      0.00      0.00      0.00    100.00
12:59:48 AM       5      0.00      0.00      0.00      0.00      0.00    100.00
12:59:48 AM       6      0.00      0.00      0.00      0.00      0.00    100.00
12:59:48 AM       7      0.00      0.00      0.00      0.00      0.00    100.00
12:59:48 AM       8      0.00      0.00      0.00      0.00      0.00    100.00
12:59:48 AM       9      0.00      0.00      0.00      0.00      0.00    100.00
12:59:48 AM      10      0.00      0.00      0.00      0.00      0.00    100.00
12:59:48 AM      11      0.00      0.00      0.00      0.00      0.00    100.00
12:59:48 AM      12      0.00      0.00      0.00      0.00      0.00    100.00
12:59:48 AM      13      0.00      0.00      0.00      0.00      0.00    100.00
12:59:48 AM      14      0.00      0.00      0.00      0.00      0.00    100.00
12:59:48 AM      15      0.00      0.00      0.00      0.00      0.00    100.00
12:59:48 AM      16      0.00      0.00      0.00      0.00      0.00    100.00
12:59:48 AM      17      0.00      0.00      0.00      0.00      0.00    100.00
12:59:48 AM      18      0.00      0.00      0.00      0.00      0.00    100.00
12:59:48 AM      19      0.00      0.00      0.00      0.00      0.00    100.00
12:59:48 AM      20      0.00      0.00      0.00      0.00      0.00    100.00
12:59:48 AM      21      0.00      0.00      0.00      0.00      0.00    100.00
12:59:48 AM      22      0.00      0.00      0.00      0.00      0.00    100.00
12:59:48 AM      23      0.00      0.00      0.00      0.00      0.00    100.00
12:59:48 AM      24      0.00      0.00      0.00      0.00      0.00    100.00
12:59:48 AM      25      0.00      0.00      1.00      0.00      0.00     99.00
12:59:48 AM      26      0.00      0.00      0.00      0.00      0.00    100.00
12:59:48 AM      27      0.00      0.00      0.00      0.00      0.00    100.00
12:59:48 AM      28      0.00      0.00      0.00      0.00      0.00    100.00
12:59:48 AM      29      0.00      0.00      0.00      0.00      0.00    100.00
12:59:48 AM      30      0.00      0.00      0.00      0.00      0.00    100.00
12:59:48 AM      31      0.00      0.00      0.00      0.00      0.00    100.00
12:59:48 AM      32      0.00      0.00      0.00      0.00      0.00    100.00
12:59:48 AM      33      0.00      0.00      0.00      0.00      0.00    100.00
12:59:48 AM      34      0.00      0.00      0.00      0.00      0.00    100.00
12:59:48 AM      35      0.00      0.00      0.00      0.00      0.00    100.00
12:59:48 AM      36      0.00      0.00      0.00      0.00      0.00    100.00
12:59:48 AM      37      0.00      0.00      0.00      0.00      0.00    100.00
12:59:48 AM      38      0.00      0.00      0.00      0.00      0.00    100.00
12:59:48 AM      39      0.00      0.00      0.00      0.00      0.00    100.00
12:59:48 AM      40      0.00      0.00      0.00      0.00      0.00    100.00
12:59:48 AM      41      0.00      0.00      0.00      0.00      0.00    100.00
12:59:48 AM      42      0.00      0.00      0.00      0.00      0.00    100.00
12:59:48 AM      43      0.00      0.00      0.00      0.00      0.00    100.00
12:59:48 AM      44      0.00      0.00      0.00      0.00      0.00    100.00
12:59:48 AM      45      0.00      0.00      0.00      0.00      0.00    100.00
12:59:48 AM      46      0.00      0.00      0.00      0.00      0.00    100.00
12:59:48 AM      47      0.00      0.00      0.00      0.00      0.00    100.00

12:59:48 AM     CPU     %user     %nice   %system   %iowait    %steal     %idle
12:59:49 AM     all      0.00      0.00      0.02      0.00      0.00     99.98
12:59:49 AM       0      0.00      0.00      0.00      0.00      0.00    100.00
12:59:49 AM       1      0.00      0.00      0.00      0.00      0.00    100.00
12:59:49 AM       2      0.00      0.00      0.00      0.00      0.00    100.00
12:59:49 AM       3      0.00      0.00      0.00      0.00      0.00    100.00
12:59:49 AM       4      0.00      0.00      0.00      0.00      0.00    100.00
12:59:49 AM       5      0.00      0.00      0.00      0.00      0.00    100.00
12:59:49 AM       6      0.00      0.00      0.00      0.00      0.00    100.00
12:59:49 AM       7      0.00      0.00      0.00      0.00      0.00    100.00
12:59:49 AM       8      0.00      0.00      0.00      0.00      0.00    100.00
12:59:49 AM       9      0.00      0.00      0.00      0.00      0.00    100.00
12:59:49 AM      10      0.00      0.00      0.00      0.00      0.00    100.00
12:59:49 AM      11      0.00      0.00      0.00      0.00      0.00    100.00
12:59:49 AM      12      0.00      0.00      0.00      0.00      0.00    100.00
12:59:49 AM      13      0.00      0.00      0.00      0.00      0.00    100.00
12:59:49 AM      14      0.00      0.00      0.00      0.00      0.00    100.00
12:59:49 AM      15      0.00      0.00      0.00      0.00      0.00    100.00
12:59:49 AM      16      0.00      0.00      0.00      0.00      0.00    100.00
12:59:49 AM      17      0.00      0.00      0.00      0.00      0.00    100.00
12:59:49 AM      18      0.00      0.00      0.00      0.00      0.00    100.00
12:59:49 AM      19      0.00      0.00      0.00      0.00      0.00    100.00
12:59:49 AM      20      0.00      0.00      0.00      0.00      0.00    100.00
12:59:49 AM      21      0.00      0.00      0.00      0.00      0.00    100.00
12:59:49 AM      22      0.00      0.00      0.00      0.00      0.00    100.00
12:59:49 AM      23      0.00      0.00      0.00      0.00      0.00    100.00
12:59:49 AM      24      0.00      0.00      0.00      0.00      0.00    100.00
12:59:49 AM      25      0.00      0.00      1.00      0.00      0.00     99.00
12:59:49 AM      26      0.00      0.00      0.00      0.00      0.00    100.00
12:59:49 AM      27      0.00      0.00      0.00      0.00      0.00    100.00
12:59:49 AM      28      0.00      0.00      0.00      0.00      0.00    100.00
12:59:49 AM      29      0.00      0.00      0.00      0.00      0.00    100.00
12:59:49 AM      30      0.00      0.00      0.00      0.00      0.00    100.00
12:59:49 AM      31      0.00      0.00      0.00      0.00      0.00    100.00
12:59:49 AM      32      0.00      0.00      0.00      0.00      0.00    100.00
12:59:49 AM      33      0.00      0.00      0.00      0.00      0.00    100.00
12:59:49 AM      34      0.00      0.00      0.00      0.00      0.00    100.00
12:59:49 AM      35      0.00      0.00      0.00      0.00      0.00    100.00
12:59:49 AM      36      0.00      0.00      0.00      0.00      0.00    100.00
12:59:49 AM      37      0.00      0.00      0.00      0.00      0.00    100.00
12:59:49 AM      38      0.00      0.00      0.00      0.00      0.00    100.00
12:59:49 AM      39      0.00      0.00      0.00      0.00      0.00    100.00
12:59:49 AM      40      0.00      0.00      0.00      0.00      0.00    100.00
12:59:49 AM      41      0.00      0.00      0.00      0.00      0.00    100.00
12:59:49 AM      42      0.00      0.00      0.00      0.00      0.00    100.00
12:59:49 AM      43      0.00      0.00      0.00      0.00      0.00    100.00
12:59:49 AM      44      0.00      0.00      0.00      0.00      0.00    100.00
12:59:49 AM      45      0.00      0.00      0.00      0.00      0.00    100.00
12:59:49 AM      46      0.00      0.00      0.00      0.00      0.00    100.00
12:59:49 AM      47      0.00      0.00      0.00      0.00      0.00    100.00

12:59:49 AM     CPU     %user     %nice   %system   %iowait    %steal     %idle
12:59:50 AM     all      0.25      0.00      1.43      0.00      0.00     98.31
12:59:50 AM       0     13.00      0.00     66.00      0.00      0.00     21.00
12:59:50 AM       1      0.00      0.00      0.00      0.00      0.00    100.00
12:59:50 AM       2      0.00      0.00      0.00      0.00      0.00    100.00
12:59:50 AM       3      0.00      0.00      0.00      0.00      0.00    100.00
12:59:50 AM       4      0.00      0.00      0.99      0.00      0.00     99.01
12:59:50 AM       5      0.00      0.00      0.00      0.00      0.00    100.00
12:59:50 AM       6      0.00      0.00      0.00      0.00      0.00    100.00
12:59:50 AM       7      0.00      0.00      0.00      0.00      0.00    100.00
12:59:50 AM       8      0.00      0.00      2.17      0.00      0.00     97.83
12:59:50 AM       9      0.00      0.00      0.00      0.00      0.00    100.00
12:59:50 AM      10      0.00      0.00      0.00      0.00      0.00    100.00
12:59:50 AM      11      0.00      0.00      0.00      0.00      0.00    100.00
12:59:50 AM      12      0.00      0.00      0.00      0.00      0.00    100.00
12:59:50 AM      13      0.00      0.00      0.00      0.00      0.00    100.00
12:59:50 AM      14      0.00      0.00      0.00      0.00      0.00    100.00
12:59:50 AM      15      0.00      0.00      0.00      0.00      0.00    100.00
12:59:50 AM      16      0.00      0.00      0.00      0.00      0.00    100.00
12:59:50 AM      17      0.00      0.00      0.00      0.00      0.00    100.00
12:59:50 AM      18      0.00      0.00      0.00      0.00      0.00    100.00
12:59:50 AM      19      0.00      0.00      0.00      0.00      0.00    100.00
12:59:50 AM      20      0.00      0.00      0.00      0.00      0.00    100.00
12:59:50 AM      21      0.00      0.00      0.00      0.00      0.00    100.00
12:59:50 AM      22      0.00      0.00      0.00      0.00      0.00    100.00
12:59:50 AM      23      0.00      0.00      0.00      0.00      0.00    100.00
12:59:50 AM      24      0.00      0.00      0.00      0.00      0.00    100.00
12:59:50 AM      25      0.00      0.00      1.00      0.00      0.00     99.00
12:59:50 AM      26      0.00      0.00      0.00      0.00      0.00    100.00
12:59:50 AM      27      0.00      0.00      0.00      0.00      0.00    100.00
12:59:50 AM      28      0.00      0.00      0.00      0.00      0.00    100.00
12:59:50 AM      29      0.00      0.00      0.00      0.00      0.00    100.00
12:59:50 AM      30      0.00      0.00      0.00      0.00      0.00    100.00
12:59:50 AM      31      0.00      0.00      0.00      0.00      0.00    100.00
12:59:50 AM      32      0.00      0.00      0.00      0.00      0.00    100.00
12:59:50 AM      33      0.00      0.00      0.99      0.00      0.00     99.01
12:59:50 AM      34      0.00      0.00      0.00      0.00      0.00    100.00
12:59:50 AM      35      0.00      0.00      0.00      0.00      0.00    100.00
12:59:50 AM      36      0.00      0.00      0.00      0.00      0.00    100.00
12:59:50 AM      37      0.00      0.00      0.00      0.00      0.00    100.00
12:59:50 AM      38      0.00      0.00      0.00      0.00      0.00    100.00
12:59:50 AM      39      0.00      0.00      0.00      0.00      0.00    100.00
12:59:50 AM      40      0.00      0.00      0.00      0.00      0.00    100.00
12:59:50 AM      41      0.00      0.00      0.00      0.00      0.00    100.00
12:59:50 AM      42      0.00      0.00      0.00      0.00      0.00    100.00
12:59:50 AM      43      0.00      0.00      0.00      0.00      0.00    100.00
12:59:50 AM      44      0.00      0.00      0.00      0.00      0.00    100.00
12:59:50 AM      45      0.00      0.00      0.00      0.00      0.00    100.00
12:59:50 AM      46      0.00      0.00      0.00      0.00      0.00    100.00
12:59:50 AM      47      0.00      0.00      0.00      0.00      0.00    100.00

12:59:50 AM     CPU     %user     %nice   %system   %iowait    %steal     %idle
12:59:51 AM     all      0.36      0.00      1.80      0.00      0.00     97.84
12:59:51 AM       0     17.00      0.00     83.00      0.00      0.00      0.00
12:59:51 AM       1      0.00      0.00      0.00      0.00      0.00    100.00
12:59:51 AM       2      0.00      0.00      0.00      0.00      0.00    100.00
12:59:51 AM       3      0.00      0.00      0.00      0.00      0.00    100.00
12:59:51 AM       4      0.00      0.00      0.00      0.00      0.00    100.00
12:59:51 AM       5      0.00      0.00      0.00      0.00      0.00    100.00
12:59:51 AM       6      0.00      0.00      0.00      0.00      0.00    100.00
12:59:51 AM       7      0.00      0.00      0.00      0.00      0.00    100.00
12:59:51 AM       8      0.00      0.00      0.00      0.00      0.00    100.00
12:59:51 AM       9      0.00      0.00      0.00      0.00      0.00    100.00
12:59:51 AM      10      0.00      0.00      0.00      0.00      0.00    100.00
12:59:51 AM      11      0.00      0.00      0.00      0.00      0.00    100.00
12:59:51 AM      12      0.00      0.00      0.00      0.00      0.00    100.00
12:59:51 AM      13      0.00      0.00      0.00      0.00      0.00    100.00
12:59:51 AM      14      0.00      0.00      0.00      0.00      0.00    100.00
12:59:51 AM      15      0.00      0.00      0.00      0.00      0.00    100.00
12:59:51 AM      16      0.00      0.00      0.00      0.00      0.00    100.00
12:59:51 AM      17      0.00      0.00      0.00      0.00      0.00    100.00
12:59:51 AM      18      0.00      0.00      0.00      0.00      0.00    100.00
12:59:51 AM      19      0.00      0.00      0.00      0.00      0.00    100.00
12:59:51 AM      20      0.00      0.00      0.00      0.00      0.00    100.00
12:59:51 AM      21      0.00      0.00      0.00      0.00      0.00    100.00
12:59:51 AM      22      0.00      0.00      0.00      0.00      0.00    100.00
12:59:51 AM      23      0.00      0.00      0.00      0.00      0.00    100.00
12:59:51 AM      24      0.00      0.00      0.00      0.00      0.00    100.00
12:59:51 AM      25      0.00      0.00      1.00      0.00      0.00     99.00
12:59:51 AM      26      0.00      0.00      0.00      0.00      0.00    100.00
12:59:51 AM      27      0.00      0.00      0.00      0.00      0.00    100.00
12:59:51 AM      28      0.00      0.00      0.00      0.00      0.00    100.00
12:59:51 AM      29      0.00      0.00      0.00      0.00      0.00    100.00
12:59:51 AM      30      0.00      0.00      0.00      0.00      0.00    100.00
12:59:51 AM      31      0.00      0.00      0.00      0.00      0.00    100.00
12:59:51 AM      32      0.00      0.00      0.00      0.00      0.00    100.00
12:59:51 AM      33      0.00      0.00      0.00      0.00      0.00    100.00
12:59:51 AM      34      0.00      0.00      0.00      0.00      0.00    100.00
12:59:51 AM      35      0.00      0.00      0.00      0.00      0.00    100.00
12:59:51 AM      36      0.00      0.00      0.00      0.00      0.00    100.00
12:59:51 AM      37      0.00      0.00      0.00      0.00      0.00    100.00
12:59:51 AM      38      0.00      0.00      0.00      0.00      0.00    100.00
12:59:51 AM      39      0.00      0.00      0.00      0.00      0.00    100.00
12:59:51 AM      40      0.00      0.00      0.00      0.00      0.00    100.00
12:59:51 AM      41      0.00      0.00      0.00      0.00      0.00    100.00
12:59:51 AM      42      0.00      0.00      0.00      0.00      0.00    100.00
12:59:51 AM      43      0.00      0.00      0.00      0.00      0.00    100.00
12:59:51 AM      44      0.00      0.00      0.00      0.00      0.00    100.00
12:59:51 AM      45      0.00      0.00      0.00      0.00      0.00    100.00
12:59:51 AM      46      0.00      0.00      0.00      0.00      0.00    100.00
12:59:51 AM      47      0.00      0.00      0.00      0.00      0.00    100.00

12:59:51 AM     CPU     %user     %nice   %system   %iowait    %steal     %idle
12:59:52 AM     all      0.36      0.00      1.78      0.00      0.00     97.86
12:59:52 AM       0     17.00      0.00     83.00      0.00      0.00      0.00
12:59:52 AM       1      0.00      0.00      0.00      0.00      0.00    100.00
12:59:52 AM       2      0.00      0.00      0.00      0.00      0.00    100.00
12:59:52 AM       3      0.00      0.00      0.00      0.00      0.00    100.00
12:59:52 AM       4      0.00      0.00      0.00      0.00      0.00    100.00
12:59:52 AM       5      0.00      0.00      0.00      0.00      0.00    100.00
12:59:52 AM       6      0.00      0.00      0.00      0.00      0.00    100.00
12:59:52 AM       7      0.00      0.00      0.00      0.00      0.00    100.00
12:59:52 AM       8      0.00      0.00      3.85      0.00      0.00     96.15
12:59:52 AM       9      0.00      0.00      0.00      0.00      0.00    100.00
12:59:52 AM      10      0.00      0.00      0.00      0.00      0.00    100.00
12:59:52 AM      11      0.00      0.00      0.00      0.00      0.00    100.00
12:59:52 AM      12      0.00      0.00      0.00      0.00      0.00    100.00
12:59:52 AM      13      0.00      0.00      0.00      0.00      0.00    100.00
12:59:52 AM      14      0.00      0.00      0.00      0.00      0.00    100.00
12:59:52 AM      15      0.00      0.00      0.00      0.00      0.00    100.00
12:59:52 AM      16      0.00      0.00      0.00      0.00      0.00    100.00
12:59:52 AM      17      0.00      0.00      0.00      0.00      0.00    100.00
12:59:52 AM      18      0.00      0.00      0.00      0.00      0.00    100.00
12:59:52 AM      19      0.00      0.00      0.00      0.00      0.00    100.00
12:59:52 AM      20      0.00      0.00      0.00      0.00      0.00    100.00
12:59:52 AM      21      0.00      0.00      0.00      0.00      0.00    100.00
12:59:52 AM      22      0.00      0.00      0.00      0.00      0.00    100.00
12:59:52 AM      23      0.00      0.00      0.00      0.00      0.00    100.00
12:59:52 AM      24      0.00      0.00      0.00      0.00      0.00    100.00
12:59:52 AM      25      0.00      0.00      0.00      0.00      0.00    100.00
12:59:52 AM      26      0.00      0.00      0.00      0.00      0.00    100.00
12:59:52 AM      27      0.00      0.00      0.00      0.00      0.00    100.00
12:59:52 AM      28      0.00      0.00      0.00      0.00      0.00    100.00
12:59:52 AM      29      0.00      0.00      0.00      0.00      0.00    100.00
12:59:52 AM      30      0.00      0.00      0.00      0.00      0.00    100.00
12:59:52 AM      31      0.00      0.00      0.00      0.00      0.00    100.00
12:59:52 AM      32      0.00      0.00      0.00      0.00      0.00    100.00
12:59:52 AM      33      0.00      0.00      0.00      0.00      0.00    100.00
12:59:52 AM      34      0.00      0.00      0.00      0.00      0.00    100.00
12:59:52 AM      35      0.00      0.00      0.00      0.00      0.00    100.00
12:59:52 AM      36      0.00      0.00      0.00      0.00      0.00    100.00
12:59:52 AM      37      0.00      0.00      0.00      0.00      0.00    100.00
12:59:52 AM      38      0.00      0.00      0.00      0.00      0.00    100.00
12:59:52 AM      39      0.00      0.00      0.00      0.00      0.00    100.00
12:59:52 AM      40      0.00      0.00      0.00      0.00      0.00    100.00
12:59:52 AM      41      0.00      0.00      0.00      0.00      0.00    100.00
12:59:52 AM      42      0.00      0.00      0.00      0.00      0.00    100.00
12:59:52 AM      43      0.00      0.00      0.00      0.00      0.00    100.00
12:59:52 AM      44      0.00      0.00      0.00      0.00      0.00    100.00
12:59:52 AM      45      0.00      0.00      0.00      0.00      0.00    100.00
12:59:52 AM      46      0.00      0.00      0.00      0.00      0.00    100.00
12:59:52 AM      47      0.00      0.00      0.00      0.00      0.00    100.00

12:59:52 AM     CPU     %user     %nice   %system   %iowait    %steal     %idle
12:59:53 AM     all      0.38      0.00      1.78      0.06      0.00     97.78
12:59:53 AM       0     17.00      0.00     83.00      0.00      0.00      0.00
12:59:53 AM       1      0.00      0.00      0.00      4.00      0.00     96.00
12:59:53 AM       2      0.00      0.00      0.00      0.00      0.00    100.00
12:59:53 AM       3      0.00      0.00      0.00      0.00      0.00    100.00
12:59:53 AM       4      0.00      0.00      0.00      0.00      0.00    100.00
12:59:53 AM       5      0.00      0.00      0.00      0.00      0.00    100.00
12:59:53 AM       6      0.00      0.00      0.00      0.00      0.00    100.00
12:59:53 AM       7      0.00      0.00      0.00      0.00      0.00    100.00
12:59:53 AM       8      0.00      0.00      0.00      0.00      0.00    100.00
12:59:53 AM       9      0.00      0.00      0.00      0.00      0.00    100.00
12:59:53 AM      10      0.00      0.00      0.00      0.00      0.00    100.00
12:59:53 AM      11      0.00      0.00      0.00      0.00      0.00    100.00
12:59:53 AM      12      0.00      0.00      0.00      0.00      0.00    100.00
12:59:53 AM      13      0.00      0.00      0.00      0.00      0.00    100.00
12:59:53 AM      14      0.00      0.00      0.00      0.00      0.00    100.00
12:59:53 AM      15      0.00      0.00      0.00      0.00      0.00    100.00
12:59:53 AM      16      0.00      0.00      0.00      0.00      0.00    100.00
12:59:53 AM      17      0.00      0.00      0.00      0.00      0.00    100.00
12:59:53 AM      18      0.00      0.00      0.00      0.00      0.00    100.00
12:59:53 AM      19      0.00      0.00      0.00      0.00      0.00    100.00
12:59:53 AM      20      0.00      0.00      0.00      0.00      0.00    100.00
12:59:53 AM      21      0.00      0.00      0.00      0.00      0.00    100.00
12:59:53 AM      22      0.00      0.00      0.00      0.00      0.00    100.00
12:59:53 AM      23      0.00      0.00      0.00      0.00      0.00    100.00
12:59:53 AM      24      0.00      0.00      0.00      0.00      0.00    100.00
12:59:53 AM      25      0.00      0.00      1.00      0.00      0.00     99.00
12:59:53 AM      26      0.00      0.00      0.00      0.00      0.00    100.00
12:59:53 AM      27      0.00      0.00      0.00      0.00      0.00    100.00
12:59:53 AM      28      0.00      0.00      0.00      0.00      0.00    100.00
12:59:53 AM      29      0.00      0.00      0.00      0.00      0.00    100.00
12:59:53 AM      30      0.00      0.00      0.00      0.00      0.00    100.00
12:59:53 AM      31      0.00      0.00      0.00      0.00      0.00    100.00
12:59:53 AM      32      0.00      0.00      0.00      0.00      0.00    100.00
12:59:53 AM      33      0.00      0.00      0.00      0.00      0.00    100.00
12:59:53 AM      34      0.00      0.00      0.00      0.00      0.00    100.00
12:59:53 AM      35      0.00      0.00      0.00      0.00      0.00    100.00
12:59:53 AM      36      0.00      0.00      0.00      0.00      0.00    100.00
12:59:53 AM      37      0.00      0.00      0.00      0.00      0.00    100.00
12:59:53 AM      38      0.00      0.00      0.00      0.00      0.00    100.00
12:59:53 AM      39      0.00      0.00      0.00      0.00      0.00    100.00
12:59:53 AM      40      0.00      0.00      0.00      0.00      0.00    100.00
12:59:53 AM      41      0.00      0.00      0.00      0.00      0.00    100.00
12:59:53 AM      42      0.00      0.00      0.00      0.00      0.00    100.00
12:59:53 AM      43      0.00      0.00      0.00      0.00      0.00    100.00
12:59:53 AM      44      0.00      0.00      0.00      0.00      0.00    100.00
12:59:53 AM      45      0.00      0.00      0.00      0.00      0.00    100.00
12:59:53 AM      46      0.00      0.00      0.00      0.00      0.00    100.00
12:59:53 AM      47      0.00      0.00      0.00      0.00      0.00    100.00

12:59:53 AM     CPU     %user     %nice   %system   %iowait    %steal     %idle
12:59:54 AM     all      0.34      0.00      1.80      0.00      0.00     97.86
12:59:54 AM       0     17.00      0.00     83.00      0.00      0.00      0.00
12:59:54 AM       1      0.00      0.00      0.00      0.00      0.00    100.00
12:59:54 AM       2      0.00      0.00      0.00      0.00      0.00    100.00
12:59:54 AM       3      0.00      0.00      0.00      0.00      0.00    100.00
12:59:54 AM       4      0.00      0.00      0.00      0.00      0.00    100.00
12:59:54 AM       5      0.00      0.00      0.00      0.00      0.00    100.00
12:59:54 AM       6      0.00      0.00      0.00      0.00      0.00    100.00
12:59:54 AM       7      0.00      0.00      0.00      0.00      0.00    100.00
12:59:54 AM       8      0.00      0.00      3.70      0.00      0.00     96.30
12:59:54 AM       9      0.00      0.00      0.00      0.00      0.00    100.00
12:59:54 AM      10      0.00      0.00      0.00      0.00      0.00    100.00
12:59:54 AM      11      0.00      0.00      0.00      0.00      0.00    100.00
12:59:54 AM      12      0.00      0.00      0.00      0.00      0.00    100.00
12:59:54 AM      13      0.00      0.00      0.00      0.00      0.00    100.00
12:59:54 AM      14      0.00      0.00      0.00      0.00      0.00    100.00
12:59:54 AM      15      0.00      0.00      0.00      0.00      0.00    100.00
12:59:54 AM      16      0.00      0.00      0.00      0.00      0.00    100.00
12:59:54 AM      17      0.00      0.00      0.00      0.00      0.00    100.00
12:59:54 AM      18      0.00      0.00      0.00      0.00      0.00    100.00
12:59:54 AM      19      0.00      0.00      1.00      0.00      0.00     99.00
12:59:54 AM      20      0.00      0.00      0.00      0.00      0.00    100.00
12:59:54 AM      21      0.00      0.00      0.00      0.00      0.00    100.00
12:59:54 AM      22      0.00      0.00      0.00      0.00      0.00    100.00
12:59:54 AM      23      0.00      0.00      0.00      0.00      0.00    100.00
12:59:54 AM      24      0.00      0.00      0.00      0.00      0.00    100.00
12:59:54 AM      25      0.00      0.00      1.00      0.00      0.00     99.00
12:59:54 AM      26      0.00      0.00      0.00      0.00      0.00    100.00
12:59:54 AM      27      0.00      0.00      0.00      0.00      0.00    100.00
12:59:54 AM      28      0.00      0.00      0.00      0.00      0.00    100.00
12:59:54 AM      29      0.00      0.00      0.00      0.00      0.00    100.00
12:59:54 AM      30      0.00      0.00      0.00      0.00      0.00    100.00
12:59:54 AM      31      0.00      0.00      0.00      0.00      0.00    100.00
12:59:54 AM      32      0.00      0.00      0.00      0.00      0.00    100.00
12:59:54 AM      33      0.00      0.00      0.00      0.00      0.00    100.00
12:59:54 AM      34      0.00      0.00      0.00      0.00      0.00    100.00
12:59:54 AM      35      0.00      0.00      0.00      0.00      0.00    100.00
12:59:54 AM      36      0.00      0.00      0.00      0.00      0.00    100.00
12:59:54 AM      37      0.00      0.00      0.00      0.00      0.00    100.00
12:59:54 AM      38      0.00      0.00      0.00      0.00      0.00    100.00
12:59:54 AM      39      0.00      0.00      0.00      0.00      0.00    100.00
12:59:54 AM      40      0.00      0.00      0.00      0.00      0.00    100.00
12:59:54 AM      41      0.00      0.00      0.00      0.00      0.00    100.00
12:59:54 AM      42      0.00      0.00      0.00      0.00      0.00    100.00
12:59:54 AM      43      0.00      0.00      0.00      0.00      0.00    100.00
12:59:54 AM      44      0.00      0.00      0.00      0.00      0.00    100.00
12:59:54 AM      45      0.00      0.00      0.00      0.00      0.00    100.00
12:59:54 AM      46      0.00      0.00      0.00      0.00      0.00    100.00
12:59:54 AM      47      0.00      0.00      0.00      0.00      0.00    100.00

12:59:54 AM     CPU     %user     %nice   %system   %iowait    %steal     %idle
12:59:55 AM     all      0.34      0.00      1.82      0.00      0.00     97.84
12:59:55 AM       0     16.00      0.00     84.00      0.00      0.00      0.00
12:59:55 AM       1      0.00      0.00      0.00      0.00      0.00    100.00
12:59:55 AM       2      0.00      0.00      0.00      0.00      0.00    100.00
12:59:55 AM       3      0.00      0.00      0.00      0.00      0.00    100.00
12:59:55 AM       4      0.00      0.00      0.00      0.00      0.00    100.00
12:59:55 AM       5      0.00      0.00      0.00      0.00      0.00    100.00
12:59:55 AM       6      0.00      0.00      0.00      0.00      0.00    100.00
12:59:55 AM       7      0.00      0.00      0.00      0.00      0.00    100.00
12:59:55 AM       8      0.00      0.00      3.85      0.00      0.00     96.15
12:59:55 AM       9      0.00      0.00      0.00      0.00      0.00    100.00
12:59:55 AM      10      0.00      0.00      0.00      0.00      0.00    100.00
12:59:55 AM      11      0.00      0.00      0.00      0.00      0.00    100.00
12:59:55 AM      12      0.00      0.00      0.00      0.00      0.00    100.00
12:59:55 AM      13      0.00      0.00      0.00      0.00      0.00    100.00
12:59:55 AM      14      0.00      0.00      0.00      0.00      0.00    100.00
12:59:55 AM      15      0.00      0.00      0.00      0.00      0.00    100.00
12:59:55 AM      16      0.00      0.00      0.00      0.00      0.00    100.00
12:59:55 AM      17      0.00      0.00      0.00      0.00      0.00    100.00
12:59:55 AM      18      0.00      0.00      0.00      0.00      0.00    100.00
12:59:55 AM      19      0.00      0.00      0.00      0.00      0.00    100.00
12:59:55 AM      20      0.00      0.00      0.00      0.00      0.00    100.00
12:59:55 AM      21      0.00      0.00      0.00      0.00      0.00    100.00
12:59:55 AM      22      0.00      0.00      0.00      0.00      0.00    100.00
12:59:55 AM      23      0.00      0.00      0.00      0.00      0.00    100.00
12:59:55 AM      24      0.00      0.00      0.00      0.00      0.00    100.00
12:59:55 AM      25      0.00      0.00      0.99      0.00      0.00     99.01
12:59:55 AM      26      0.00      0.00      0.00      0.00      0.00    100.00
12:59:55 AM      27      0.00      0.00      0.00      0.00      0.00    100.00
12:59:55 AM      28      0.00      0.00      0.00      0.00      0.00    100.00
12:59:55 AM      29      0.00      0.00      0.00      0.00      0.00    100.00
12:59:55 AM      30      0.00      0.00      0.00      0.00      0.00    100.00
12:59:55 AM      31      0.00      0.00      0.00      0.00      0.00    100.00
12:59:55 AM      32      0.00      0.00      0.00      0.00      0.00    100.00
12:59:55 AM      33      0.00      0.00      0.00      0.00      0.00    100.00
12:59:55 AM      34      0.00      0.00      0.00      0.00      0.00    100.00
12:59:55 AM      35      0.00      0.00      0.00      0.00      0.00    100.00
12:59:55 AM      36      0.00      0.00      0.00      0.00      0.00    100.00
12:59:55 AM      37      0.00      0.00      0.00      0.00      0.00    100.00
12:59:55 AM      38      0.00      0.00      0.00      0.00      0.00    100.00
12:59:55 AM      39      0.00      0.00      0.00      0.00      0.00    100.00
12:59:55 AM      40      0.00      0.00      0.00      0.00      0.00    100.00
12:59:55 AM      41      0.00      0.00      0.00      0.00      0.00    100.00
12:59:55 AM      42      0.00      0.00      0.00      0.00      0.00    100.00
12:59:55 AM      43      0.00      0.00      0.00      0.00      0.00    100.00
12:59:55 AM      44      0.00      0.00      0.00      0.00      0.00    100.00
12:59:55 AM      45      0.00      0.00      0.00      0.00      0.00    100.00
12:59:55 AM      46      0.00      0.00      0.00      0.00      0.00    100.00
12:59:55 AM      47      0.00      0.00      0.00      0.00      0.00    100.00

12:59:55 AM     CPU     %user     %nice   %system   %iowait    %steal     %idle
12:59:56 AM     all      0.32      0.00      1.82      0.00      0.00     97.86
12:59:56 AM       0     14.14      0.00     85.86      0.00      0.00      0.00
12:59:56 AM       1      0.00      0.00      0.00      0.00      0.00    100.00
12:59:56 AM       2      0.00      0.00      0.00      0.00      0.00    100.00
12:59:56 AM       3      0.00      0.00      0.00      0.00      0.00    100.00
12:59:56 AM       4      0.00      0.00      0.00      0.00      0.00    100.00
12:59:56 AM       5      0.00      0.00      0.00      0.00      0.00    100.00
12:59:56 AM       6      0.00      0.00      0.00      0.00      0.00    100.00
12:59:56 AM       7      0.00      0.00      0.00      0.00      0.00    100.00
12:59:56 AM       8      0.00      0.00      0.00      0.00      0.00    100.00
12:59:56 AM       9      0.00      0.00      0.00      0.00      0.00    100.00
12:59:56 AM      10      0.00      0.00      0.00      0.00      0.00    100.00
12:59:56 AM      11      0.00      0.00      0.00      0.00      0.00    100.00
12:59:56 AM      12      0.00      0.00      0.00      0.00      0.00    100.00
12:59:56 AM      13      0.00      0.00      0.00      0.00      0.00    100.00
12:59:56 AM      14      0.00      0.00      0.00      0.00      0.00    100.00
12:59:56 AM      15      0.00      0.00      0.00      0.00      0.00    100.00
12:59:56 AM      16      0.00      0.00      0.00      0.00      0.00    100.00
12:59:56 AM      17      0.00      0.00      0.00      0.00      0.00    100.00
12:59:56 AM      18      0.00      0.00      0.00      0.00      0.00    100.00
12:59:56 AM      19      0.00      0.00      0.00      0.00      0.00    100.00
12:59:56 AM      20      0.00      0.00      0.00      0.00      0.00    100.00
12:59:56 AM      21      0.00      0.00      0.00      0.00      0.00    100.00
12:59:56 AM      22      0.00      0.00      0.00      0.00      0.00    100.00
12:59:56 AM      23      0.00      0.00      0.00      0.00      0.00    100.00
12:59:56 AM      24      0.00      0.00      0.00      0.00      0.00    100.00
12:59:56 AM      25      0.00      0.00      0.00      0.00      0.00    100.00
12:59:56 AM      26      0.00      0.00      0.00      0.00      0.00    100.00
12:59:56 AM      27      0.00      0.00      0.00      0.00      0.00    100.00
12:59:56 AM      28      0.00      0.00      0.00      0.00      0.00    100.00
12:59:56 AM      29      0.00      0.00      0.00      0.00      0.00    100.00
12:59:56 AM      30      0.00      0.00      0.00      0.00      0.00    100.00
12:59:56 AM      31      0.00      0.00      0.00      0.00      0.00    100.00
12:59:56 AM      32      0.00      0.00      0.00      0.00      0.00    100.00
12:59:56 AM      33      0.00      0.00      0.00      0.00      0.00    100.00
12:59:56 AM      34      0.00      0.00      0.00      0.00      0.00    100.00
12:59:56 AM      35      0.00      0.00      0.00      0.00      0.00    100.00
12:59:56 AM      36      0.00      0.00      0.00      0.00      0.00    100.00
12:59:56 AM      37      0.00      0.00      0.00      0.00      0.00    100.00
12:59:56 AM      38      0.00      0.00      0.00      0.00      0.00    100.00
12:59:56 AM      39      0.00      0.00      0.00      0.00      0.00    100.00
12:59:56 AM      40      0.00      0.00      0.00      0.00      0.00    100.00
12:59:56 AM      41      0.00      0.00      0.00      0.00      0.00    100.00
12:59:56 AM      42      0.00      0.00      0.00      0.00      0.00    100.00
12:59:56 AM      43      0.00      0.00      0.00      0.00      0.00    100.00
12:59:56 AM      44      0.00      0.00      0.00      0.00      0.00    100.00
12:59:56 AM      45      0.00      0.00      0.00      0.00      0.00    100.00
12:59:56 AM      46      0.00      0.00      0.00      0.00      0.00    100.00
12:59:56 AM      47      0.00      0.00      0.00      0.00      0.00    100.00

12:59:56 AM     CPU     %user     %nice   %system   %iowait    %steal     %idle
12:59:57 AM     all      0.34      0.00      1.84      0.00      0.00     97.82
12:59:57 AM       0     16.00      0.00     84.00      0.00      0.00      0.00
12:59:57 AM       1      0.00      0.00      0.00      0.00      0.00    100.00
12:59:57 AM       2      0.00      0.00      0.00      0.00      0.00    100.00
12:59:57 AM       3      0.00      0.00      0.00      0.00      0.00    100.00
12:59:57 AM       4      0.00      0.00      0.00      0.00      0.00    100.00
12:59:57 AM       5      0.00      0.00      0.00      0.00      0.00    100.00
12:59:57 AM       6      0.00      0.00      0.00      0.00      0.00    100.00
12:59:57 AM       7      0.00      0.00      0.00      0.00      0.00    100.00
12:59:57 AM       8      0.00      0.00      3.85      0.00      0.00     96.15
12:59:57 AM       9      0.00      0.00      0.00      0.00      0.00    100.00
12:59:57 AM      10      0.00      0.00      0.00      0.00      0.00    100.00
12:59:57 AM      11      0.00      0.00      0.00      0.00      0.00    100.00
12:59:57 AM      12      0.00      0.00      0.00      0.00      0.00    100.00
12:59:57 AM      13      0.00      0.00      0.00      0.00      0.00    100.00
12:59:57 AM      14      0.00      0.00      0.00      0.00      0.00    100.00
12:59:57 AM      15      0.00      0.00      0.00      0.00      0.00    100.00
12:59:57 AM      16      0.00      0.00      0.00      0.00      0.00    100.00
12:59:57 AM      17      0.00      0.00      0.00      0.00      0.00    100.00
12:59:57 AM      18      0.00      0.00      0.00      0.00      0.00    100.00
12:59:57 AM      19      0.00      0.00      0.00      0.00      0.00    100.00
12:59:57 AM      20      0.00      0.00      0.00      0.00      0.00    100.00
12:59:57 AM      21      0.00      0.00      0.00      0.00      0.00    100.00
12:59:57 AM      22      0.00      0.00      0.00      0.00      0.00    100.00
12:59:57 AM      23      0.00      0.00      0.00      0.00      0.00    100.00
12:59:57 AM      24      0.00      0.00      0.00      0.00      0.00    100.00
12:59:57 AM      25      0.00      0.00      1.00      0.00      0.00     99.00
12:59:57 AM      26      0.00      0.00      0.00      0.00      0.00    100.00
12:59:57 AM      27      0.00      0.00      0.00      0.00      0.00    100.00
12:59:57 AM      28      0.00      0.00      0.00      0.00      0.00    100.00
12:59:57 AM      29      0.00      0.00      0.00      0.00      0.00    100.00
12:59:57 AM      30      0.00      0.00      0.00      0.00      0.00    100.00
12:59:57 AM      31      0.00      0.00      0.00      0.00      0.00    100.00
12:59:57 AM      32      0.00      0.00      0.00      0.00      0.00    100.00
12:59:57 AM      33      0.00      0.00      0.00      0.00      0.00    100.00
12:59:57 AM      34      0.00      0.00      0.00      0.00      0.00    100.00
12:59:57 AM      35      0.00      0.00      0.00      0.00      0.00    100.00
12:59:57 AM      36      0.00      0.00      0.00      0.00      0.00    100.00
12:59:57 AM      37      0.00      0.00      0.00      0.00      0.00    100.00
12:59:57 AM      38      0.00      0.00      0.00      0.00      0.00    100.00
12:59:57 AM      39      0.00      0.00      0.00      0.00      0.00    100.00
12:59:57 AM      40      0.00      0.00      0.00      0.00      0.00    100.00
12:59:57 AM      41      0.00      0.00      0.00      0.00      0.00    100.00
12:59:57 AM      42      0.00      0.00      0.00      0.00      0.00    100.00
12:59:57 AM      43      0.00      0.00      0.00      0.00      0.00    100.00
12:59:57 AM      44      0.00      0.00      0.00      0.00      0.00    100.00
12:59:57 AM      45      0.00      0.00      0.00      0.00      0.00    100.00
12:59:57 AM      46      0.00      0.00      0.00      0.00      0.00    100.00
12:59:57 AM      47      0.00      0.00      0.00      0.00      0.00    100.00

12:59:57 AM     CPU     %user     %nice   %system   %iowait    %steal     %idle
12:59:58 AM     all      0.38      0.00      1.76      0.08      0.00     97.78
12:59:58 AM       0     17.82      0.00     82.18      0.00      0.00      0.00
12:59:58 AM       1      0.00      0.00      0.00      4.00      0.00     96.00
12:59:58 AM       2      0.00      0.00      0.00      0.00      0.00    100.00
12:59:58 AM       3      0.00      0.00      0.00      0.00      0.00    100.00
12:59:58 AM       4      0.00      0.00      0.00      0.00      0.00    100.00
12:59:58 AM       5      0.00      0.00      0.00      0.00      0.00    100.00
12:59:58 AM       6      0.00      0.00      0.00      0.00      0.00    100.00
12:59:58 AM       7      0.00      0.00      0.00      0.00      0.00    100.00
12:59:58 AM       8      0.00      0.00      3.85      0.00      0.00     96.15
12:59:58 AM       9      0.00      0.00      0.00      0.00      0.00    100.00
12:59:58 AM      10      0.00      0.00      0.00      0.00      0.00    100.00
12:59:58 AM      11      0.00      0.00      0.00      0.00      0.00    100.00
12:59:58 AM      12      0.00      0.00      0.00      0.00      0.00    100.00
12:59:58 AM      13      0.00      0.00      0.00      0.00      0.00    100.00
12:59:58 AM      14      0.00      0.00      0.00      0.00      0.00    100.00
12:59:58 AM      15      0.00      0.00      0.00      0.00      0.00    100.00
12:59:58 AM      16      0.00      0.00      0.00      0.00      0.00    100.00
12:59:58 AM      17      0.00      0.00      0.00      0.00      0.00    100.00
12:59:58 AM      18      0.00      0.00      0.00      0.00      0.00    100.00
12:59:58 AM      19      0.00      0.00      0.00      0.00      0.00    100.00
12:59:58 AM      20      0.00      0.00      0.00      0.00      0.00    100.00
12:59:58 AM      21      0.00      0.00      0.00      0.00      0.00    100.00
12:59:58 AM      22      0.00      0.00      0.00      0.00      0.00    100.00
12:59:58 AM      23      0.00      0.00      0.00      0.00      0.00    100.00
12:59:58 AM      24      0.00      0.00      0.00      0.00      0.00    100.00
12:59:58 AM      25      0.00      0.00      0.99      0.00      0.00     99.01
12:59:58 AM      26      0.00      0.00      0.00      0.00      0.00    100.00
12:59:58 AM      27      0.00      0.00      0.00      0.00      0.00    100.00
12:59:58 AM      28      0.00      0.00      0.00      0.00      0.00    100.00
12:59:58 AM      29      0.00      0.00      0.00      0.00      0.00    100.00
12:59:58 AM      30      0.00      0.00      0.00      0.00      0.00    100.00
12:59:58 AM      31      0.00      0.00      0.00      0.00      0.00    100.00
12:59:58 AM      32      0.00      0.00      0.00      0.00      0.00    100.00
12:59:58 AM      33      0.00      0.00      0.00      0.00      0.00    100.00
12:59:58 AM      34      0.00      0.00      0.00      0.00      0.00    100.00
12:59:58 AM      35      0.00      0.00      0.00      0.00      0.00    100.00
12:59:58 AM      36      0.00      0.00      0.00      0.00      0.00    100.00
12:59:58 AM      37      0.00      0.00      0.00      0.00      0.00    100.00
12:59:58 AM      38      0.00      0.00      0.00      0.00      0.00    100.00
12:59:58 AM      39      0.00      0.00      0.00      0.00      0.00    100.00
12:59:58 AM      40      0.00      0.00      0.00      0.00      0.00    100.00
12:59:58 AM      41      0.00      0.00      0.00      0.00      0.00    100.00
12:59:58 AM      42      0.00      0.00      0.00      0.00      0.00    100.00
12:59:58 AM      43      0.00      0.00      0.00      0.00      0.00    100.00
12:59:58 AM      44      0.00      0.00      0.00      0.00      0.00    100.00
12:59:58 AM      45      0.00      0.00      0.00      0.00      0.00    100.00
12:59:58 AM      46      0.00      0.00      0.00      0.00      0.00    100.00
12:59:58 AM      47      0.00      0.00      0.00      0.00      0.00    100.00

12:59:58 AM     CPU     %user     %nice   %system   %iowait    %steal     %idle
12:59:59 AM     all      0.34      0.00      1.80      0.00      0.00     97.86
12:59:59 AM       0     16.00      0.00     84.00      0.00      0.00      0.00
12:59:59 AM       1      0.00      0.00      0.00      0.00      0.00    100.00
12:59:59 AM       2      0.00      0.00      0.00      0.00      0.00    100.00
12:59:59 AM       3      0.00      0.00      0.00      0.00      0.00    100.00
12:59:59 AM       4      0.00      0.00      0.00      0.00      0.00    100.00
12:59:59 AM       5      0.00      0.00      0.00      0.00      0.00    100.00
12:59:59 AM       6      0.00      0.00      0.00      0.00      0.00    100.00
12:59:59 AM       7      0.00      0.00      0.00      0.00      0.00    100.00
12:59:59 AM       8      0.00      0.00      0.00      0.00      0.00    100.00
12:59:59 AM       9      0.00      0.00      0.00      0.00      0.00    100.00
12:59:59 AM      10      0.00      0.00      0.00      0.00      0.00    100.00
12:59:59 AM      11      0.00      0.00      0.00      0.00      0.00    100.00
12:59:59 AM      12      0.00      0.00      0.00      0.00      0.00    100.00
12:59:59 AM      13      0.00      0.00      0.00      0.00      0.00    100.00
12:59:59 AM      14      0.00      0.00      0.00      0.00      0.00    100.00
12:59:59 AM      15      0.00      0.00      0.00      0.00      0.00    100.00
12:59:59 AM      16      0.00      0.00      0.00      0.00      0.00    100.00
12:59:59 AM      17      0.00      0.00      0.00      0.00      0.00    100.00
12:59:59 AM      18      0.00      0.00      0.00      0.00      0.00    100.00
12:59:59 AM      19      0.00      0.00      0.00      0.00      0.00    100.00
12:59:59 AM      20      0.00      0.00      0.00      0.00      0.00    100.00
12:59:59 AM      21      0.00      0.00      0.00      0.00      0.00    100.00
12:59:59 AM      22      0.00      0.00      0.00      0.00      0.00    100.00
12:59:59 AM      23      0.00      0.00      0.00      0.00      0.00    100.00
12:59:59 AM      24      0.00      0.00      0.00      0.00      0.00    100.00
12:59:59 AM      25      0.00      0.00      0.00      0.00      0.00    100.00
12:59:59 AM      26      0.00      0.00      0.00      0.00      0.00    100.00
12:59:59 AM      27      0.00      0.00      0.00      0.00      0.00    100.00
12:59:59 AM      28      0.00      0.00      0.00      0.00      0.00    100.00
12:59:59 AM      29      0.00      0.00      0.00      0.00      0.00    100.00
12:59:59 AM      30      0.00      0.00      0.00      0.00      0.00    100.00
12:59:59 AM      31      0.00      0.00      0.00      0.00      0.00    100.00
12:59:59 AM      32      0.00      0.00      0.00      0.00      0.00    100.00
12:59:59 AM      33      0.00      0.00      0.00      0.00      0.00    100.00
12:59:59 AM      34      0.00      0.00      0.00      0.00      0.00    100.00
12:59:59 AM      35      0.00      0.00      0.00      0.00      0.00    100.00
12:59:59 AM      36      0.00      0.00      0.00      0.00      0.00    100.00
12:59:59 AM      37      0.00      0.00      0.00      0.00      0.00    100.00
12:59:59 AM      38      0.00      0.00      0.00      0.00      0.00    100.00
12:59:59 AM      39      0.00      0.00      0.00      0.00      0.00    100.00
12:59:59 AM      40      0.00      0.00      0.00      0.00      0.00    100.00
12:59:59 AM      41      0.00      0.00      0.00      0.00      0.00    100.00
12:59:59 AM      42      0.00      0.00      0.00      0.00      0.00    100.00
12:59:59 AM      43      0.00      0.00      0.00      0.00      0.00    100.00
12:59:59 AM      44      0.00      0.00      0.00      0.00      0.00    100.00
12:59:59 AM      45      0.00      0.00      0.00      0.00      0.00    100.00
12:59:59 AM      46      0.00      0.00      0.00      0.00      0.00    100.00
12:59:59 AM      47      0.00      0.00      0.00      0.00      0.00    100.00

12:59:59 AM     CPU     %user     %nice   %system   %iowait    %steal     %idle
01:00:00 AM     all      0.38      0.00      1.82      0.00      0.00     97.80
01:00:00 AM       0     16.16      0.00     83.84      0.00      0.00      0.00
01:00:00 AM       1      0.00      0.00      0.00      0.00      0.00    100.00
01:00:00 AM       2      0.00      0.00      0.00      0.00      0.00    100.00
01:00:00 AM       3      0.00      0.00      0.00      0.00      0.00    100.00
01:00:00 AM       4      0.00      0.00      0.00      0.00      0.00    100.00
01:00:00 AM       5      0.00      0.00      0.00      0.00      0.00    100.00
01:00:00 AM       6      0.00      0.00      0.00      0.00      0.00    100.00
01:00:00 AM       7      0.00      0.00      0.00      0.00      0.00    100.00
01:00:00 AM       8      0.00      0.00      3.85      0.00      0.00     96.15
01:00:00 AM       9      0.00      0.00      0.00      0.00      0.00    100.00
01:00:00 AM      10      0.00      0.00      0.00      0.00      0.00    100.00
01:00:00 AM      11      0.00      0.00      0.00      0.00      0.00    100.00
01:00:00 AM      12      0.00      0.00      0.00      0.00      0.00    100.00
01:00:00 AM      13      0.00      0.00      0.00      0.00      0.00    100.00
01:00:00 AM      14      0.00      0.00      0.00      0.00      0.00    100.00
01:00:00 AM      15      0.00      0.00      0.00      0.00      0.00    100.00
01:00:00 AM      16      0.00      0.00      0.00      0.00      0.00    100.00
01:00:00 AM      17      0.00      0.00      0.00      0.00      0.00    100.00
01:00:00 AM      18      0.00      0.00      0.00      0.00      0.00    100.00
01:00:00 AM      19      0.00      0.00      0.00      0.00      0.00    100.00
01:00:00 AM      20      0.00      0.00      0.00      0.00      0.00    100.00
01:00:00 AM      21      0.00      0.00      0.00      0.00      0.00    100.00
01:00:00 AM      22      0.00      0.00      0.00      0.00      0.00    100.00
01:00:00 AM      23      0.00      0.00      0.00      0.00      0.00    100.00
01:00:00 AM      24      0.00      0.00      0.00      0.00      0.00    100.00
01:00:00 AM      25      0.00      0.00      1.00      0.00      0.00     99.00
01:00:00 AM      26      0.00      0.00      0.00      0.00      0.00    100.00
01:00:00 AM      27      0.00      0.00      0.00      0.00      0.00    100.00
01:00:00 AM      28      0.00      0.00      0.00      0.00      0.00    100.00
01:00:00 AM      29      0.00      0.00      0.00      0.00      0.00    100.00
01:00:00 AM      30      0.00      0.00      0.00      0.00      0.00    100.00
01:00:00 AM      31      0.00      0.00      0.00      0.00      0.00    100.00
01:00:00 AM      32      0.00      0.00      0.00      0.00      0.00    100.00
01:00:00 AM      33      0.00      0.00      0.00      0.00      0.00    100.00
01:00:00 AM      34      0.00      0.00      0.00      0.00      0.00    100.00
01:00:00 AM      35      0.00      0.00      0.00      0.00      0.00    100.00
01:00:00 AM      36      0.00      0.00      0.00      0.00      0.00    100.00
01:00:00 AM      37      0.00      0.00      0.00      0.00      0.00    100.00
01:00:00 AM      38      0.00      0.00      0.00      0.00      0.00    100.00
01:00:00 AM      39      0.00      0.00      0.00      0.00      0.00    100.00
01:00:00 AM      40      0.00      0.00      0.00      0.00      0.00    100.00
01:00:00 AM      41      0.00      0.00      0.00      0.00      0.00    100.00
01:00:00 AM      42      0.00      0.00      0.00      0.00      0.00    100.00
01:00:00 AM      43      0.00      0.00      0.00      0.00      0.00    100.00
01:00:00 AM      44      0.00      0.00      0.00      0.00      0.00    100.00
01:00:00 AM      45      0.00      0.00      0.00      0.00      0.00    100.00
01:00:00 AM      46      0.00      0.00      0.00      0.00      0.00    100.00
01:00:00 AM      47      0.00      0.00      0.00      0.00      0.00    100.00

01:00:00 AM     CPU     %user     %nice   %system   %iowait    %steal     %idle
01:00:01 AM     all      0.13      0.00      0.48      0.00      0.00     99.39
01:00:01 AM       0      2.97      0.00     12.87      0.00      0.00     84.16
01:00:01 AM       1      0.00      0.00      0.00      0.00      0.00    100.00
01:00:01 AM       2      0.00      0.00      1.00      0.00      0.00     99.00
01:00:01 AM       3      0.00      0.00      0.00      0.00      0.00    100.00
01:00:01 AM       4      0.00      0.00      0.00      0.00      0.00    100.00
01:00:01 AM       5      0.99      0.00      0.99      0.00      0.00     98.02
01:00:01 AM       6      0.00      0.00      0.00      0.00      0.00    100.00
01:00:01 AM       7      0.00      0.00      0.00      0.00      0.00    100.00
01:00:01 AM       8      0.00      0.00      0.00      0.00      0.00    100.00
01:00:01 AM       9      0.00      0.00      0.00      0.00      0.00    100.00
01:00:01 AM      10      0.00      0.00      0.00      0.00      0.00    100.00
01:00:01 AM      11      0.00      0.00      0.00      0.00      0.00    100.00
01:00:01 AM      12      0.00      0.00      0.00      0.00      0.00    100.00
01:00:01 AM      13      0.00      0.00      0.00      0.00      0.00    100.00
01:00:01 AM      14      0.00      0.00      1.00      0.00      0.00     99.00
01:00:01 AM      15      0.00      0.00      0.00      0.00      0.00    100.00
01:00:01 AM      16      0.00      0.00      0.00      0.00      0.00    100.00
01:00:01 AM      17      0.00      0.00      0.00      0.00      0.00    100.00
01:00:01 AM      18      0.99      0.00      0.99      0.00      0.00     98.02
01:00:01 AM      19      0.00      0.00      0.00      0.00      0.00    100.00
01:00:01 AM      20      0.00      0.00      1.00      0.00      0.00     99.00
01:00:01 AM      21      0.00      0.00      0.00      0.00      0.00    100.00
01:00:01 AM      22      0.00      0.00      0.00      0.00      0.00    100.00
01:00:01 AM      23      0.00      0.00      0.00      0.00      0.00    100.00
01:00:01 AM      24      0.00      0.00      0.00      0.00      0.00    100.00
01:00:01 AM      25      0.99      0.00      1.98      0.00      0.00     97.03
01:00:01 AM      26      0.00      0.00      0.00      0.00      0.00    100.00
01:00:01 AM      27      0.00      0.00      0.00      0.00      0.00    100.00
01:00:01 AM      28      0.00      0.00      0.00      0.00      0.00    100.00
01:00:01 AM      29      0.00      0.00      0.00      0.00      0.00    100.00
01:00:01 AM      30      0.00      0.00      0.99      0.00      0.00     99.01
01:00:01 AM      31      0.00      0.00      0.00      0.00      0.00    100.00
01:00:01 AM      32      0.00      0.00      0.00      0.00      0.00    100.00
01:00:01 AM      33      0.00      0.00      0.00      0.00      0.00    100.00
01:00:01 AM      34      0.00      0.00      0.00      0.00      0.00    100.00
01:00:01 AM      35      0.00      0.00      0.00      0.00      0.00    100.00
01:00:01 AM      36      0.00      0.00      0.00      0.00      0.00    100.00
01:00:01 AM      37      0.00      0.00      0.00      0.00      0.00    100.00
01:00:01 AM      38      0.00      0.00      1.00      0.00      0.00     99.00
01:00:01 AM      39      0.00      0.00      0.00      0.00      0.00    100.00
01:00:01 AM      40      0.00      0.00      1.00      0.00      0.00     99.00
01:00:01 AM      41      1.00      0.00      0.00      0.00      0.00     99.00
01:00:01 AM      42      0.00      0.00      0.00      0.00      0.00    100.00
01:00:01 AM      43      0.00      0.00      0.00      0.00      0.00    100.00
01:00:01 AM      44      0.00      0.00      0.00      0.00      0.00    100.00
01:00:01 AM      45      0.00      0.00      0.00      0.00      0.00    100.00
01:00:01 AM      46      0.00      0.00      0.00      0.00      0.00    100.00
01:00:01 AM      47      0.00      0.00      0.00      0.00      0.00    100.00

01:00:01 AM     CPU     %user     %nice   %system   %iowait    %steal     %idle
01:00:02 AM     all      0.08      0.00      0.13      0.10      0.00     99.69
01:00:02 AM       0      0.00      0.00      0.00      0.00      0.00    100.00
01:00:02 AM       1      0.00      0.00      0.00      0.00      0.00    100.00
01:00:02 AM       2      0.00      0.00      0.00      0.00      0.00    100.00
01:00:02 AM       3      0.00      0.00      0.00      0.00      0.00    100.00
01:00:02 AM       4      0.00      0.00      0.00      0.00      0.00    100.00
01:00:02 AM       5      0.00      0.00      1.00      0.00      0.00     99.00
01:00:02 AM       6      0.00      0.00      0.99      0.00      0.00     99.01
01:00:02 AM       7      0.00      0.00      0.00      0.00      0.00    100.00
01:00:02 AM       8      0.00      0.00      0.00      0.00      0.00    100.00
01:00:02 AM       9      0.00      0.00      0.00      0.00      0.00    100.00
01:00:02 AM      10      0.00      0.00      0.00      0.00      0.00    100.00
01:00:02 AM      11      0.00      0.00      0.00      0.00      0.00    100.00
01:00:02 AM      12      0.00      0.00      0.00      0.00      0.00    100.00
01:00:02 AM      13      0.00      0.00      0.00      0.00      0.00    100.00
01:00:02 AM      14      0.00      0.00      0.00      0.00      0.00    100.00
01:00:02 AM      15      0.00      0.00      0.00      0.00      0.00    100.00
01:00:02 AM      16      0.00      0.00      0.00      0.00      0.00    100.00
01:00:02 AM      17      0.00      0.00      0.00      0.00      0.00    100.00
01:00:02 AM      18      0.00      0.00      0.00      0.00      0.00    100.00
01:00:02 AM      19      0.99      0.00      0.00      0.00      0.00     99.01
01:00:02 AM      20      0.00      0.00      0.00      0.00      0.00    100.00
01:00:02 AM      21      0.00      0.00      0.00      0.00      0.00    100.00
01:00:02 AM      22      0.00      0.00      0.00      0.00      0.00    100.00
01:00:02 AM      23      0.00      0.00      0.00      0.00      0.00    100.00
01:00:02 AM      24      0.00      0.00      0.00      0.00      0.00    100.00
01:00:02 AM      25      0.00      0.00      1.00      0.00      0.00     99.00
01:00:02 AM      26      0.00      0.00      0.00      0.00      0.00    100.00
01:00:02 AM      27      0.00      0.00      0.00      0.00      0.00    100.00
01:00:02 AM      28      0.00      0.00      0.00      0.00      0.00    100.00
01:00:02 AM      29      0.00      0.00      0.00      0.00      0.00    100.00
01:00:02 AM      30      0.00      0.00      0.00      0.00      0.00    100.00
01:00:02 AM      31      0.00      0.00      0.00      0.00      0.00    100.00
01:00:02 AM      32      0.00      0.00      0.00      0.00      0.00    100.00
01:00:02 AM      33      0.00      0.00      0.00      0.00      0.00    100.00
01:00:02 AM      34      0.00      0.00      0.00      0.00      0.00    100.00
01:00:02 AM      35      0.00      0.00      0.00      4.04      0.00     95.96
01:00:02 AM      36      0.00      0.00      0.00      0.00      0.00    100.00
01:00:02 AM      37      1.01      0.00      1.01      0.00      0.00     97.98
01:00:02 AM      38      0.00      0.00      0.00      0.00      0.00    100.00
01:00:02 AM      39      0.00      0.00      0.00      0.00      0.00    100.00
01:00:02 AM      40      0.00      0.00      0.00      0.00      0.00    100.00
01:00:02 AM      41      0.00      0.00      0.00      0.00      0.00    100.00
01:00:02 AM      42      1.00      0.00      1.00      0.00      0.00     98.00
01:00:02 AM      43      0.00      0.00      0.00      0.00      0.00    100.00
01:00:02 AM      44      0.00      0.00      0.00      0.00      0.00    100.00
01:00:02 AM      45      0.00      0.00      0.00      0.00      0.00    100.00
01:00:02 AM      46      0.00      0.00      0.00      0.00      0.00    100.00
01:00:02 AM      47      0.00      0.00      0.00      0.00      0.00    100.00

Average:        CPU     %user     %nice   %system   %iowait    %steal     %idle
Average:        all      0.27      0.00      1.33      0.02      0.00     98.38
Average:          0     12.00      0.00     60.93      0.00      0.00     27.07
Average:          1      0.00      0.00      0.00      0.53      0.00     99.47
Average:          2      0.00      0.00      0.07      0.00      0.00     99.93
Average:          3      0.00      0.00      0.00      0.00      0.00    100.00
Average:          4      0.00      0.00      0.07      0.00      0.00     99.93
Average:          5      0.07      0.00      0.13      0.00      0.00     99.80
Average:          6      0.00      0.00      0.07      0.00      0.00     99.93
Average:          7      0.00      0.00      0.00      0.00      0.00    100.00
Average:          8      0.00      0.00      1.02      0.00      0.00     98.98
Average:          9      0.00      0.00      0.00      0.00      0.00    100.00
Average:         10      0.00      0.00      0.00      0.00      0.00    100.00
Average:         11      0.00      0.00      0.00      0.00      0.00    100.00
Average:         12      0.00      0.00      0.00      0.00      0.00    100.00
Average:         13      0.00      0.00      0.00      0.00      0.00    100.00
Average:         14      0.00      0.00      0.07      0.00      0.00     99.93
Average:         15      0.00      0.00      0.00      0.00      0.00    100.00
Average:         16      0.00      0.00      0.00      0.00      0.00    100.00
Average:         17      0.00      0.00      0.00      0.00      0.00    100.00
Average:         18      0.07      0.00      0.07      0.00      0.00     99.87
Average:         19      0.07      0.00      0.07      0.00      0.00     99.87
Average:         20      0.00      0.00      0.07      0.00      0.00     99.93
Average:         21      0.00      0.00      0.00      0.00      0.00    100.00
Average:         22      0.00      0.00      0.00      0.00      0.00    100.00
Average:         23      0.00      0.00      0.00      0.00      0.00    100.00
Average:         24      0.00      0.00      0.00      0.00      0.00    100.00
Average:         25      0.07      0.00      0.87      0.00      0.00     99.07
Average:         26      0.00      0.00      0.00      0.00      0.00    100.00
Average:         27      0.00      0.00      0.00      0.00      0.00    100.00
Average:         28      0.00      0.00      0.00      0.00      0.00    100.00
Average:         29      0.00      0.00      0.00      0.00      0.00    100.00
Average:         30      0.00      0.00      0.07      0.00      0.00     99.93
Average:         31      0.00      0.00      0.00      0.00      0.00    100.00
Average:         32      0.00      0.00      0.00      0.00      0.00    100.00
Average:         33      0.00      0.00      0.07      0.00      0.00     99.93
Average:         34      0.00      0.00      0.00      0.00      0.00    100.00
Average:         35      0.00      0.00      0.00      0.27      0.00     99.73
Average:         36      0.00      0.00      0.00      0.00      0.00    100.00
Average:         37      0.07      0.00      0.07      0.00      0.00     99.87
Average:         38      0.00      0.00      0.07      0.00      0.00     99.93
Average:         39      0.00      0.00      0.00      0.00      0.00    100.00
Average:         40      0.00      0.00      0.07      0.00      0.00     99.93
Average:         41      0.07      0.00      0.00      0.00      0.00     99.93
Average:         42      0.07      0.00      0.07      0.00      0.00     99.87
Average:         43      0.00      0.00      0.00      0.00      0.00    100.00
Average:         44      0.00      0.00      0.00      0.00      0.00    100.00
Average:         45      0.00      0.00      0.00      0.00      0.00    100.00
Average:         46      0.00      0.00      0.00      0.00      0.00    100.00
Average:         47      0.00      0.00      0.00      0.00      0.00    100.00
